1,1,428,98,104.0,236.0,1,4.13165,1.86548,0
1,2,332,82,104.0,236.0,1,5.13248,3.32803,0
1,3,172,82,104.0,236.0,1,4.74369,4.61071,0
1,4,84,104,94.545,214.55,1,4.45954,5.34498,0
1,5,557,82,86.667,196.67,1,9.38632,3.51115,0
1,6,506,115,56.877,129.07,1,14.3846,6.96685,0
2,1,428,98,104.0,236.0,1,4.13165,1.86548,0
2,2,332,82,104.0,236.0,1,5.13248,3.32803,0
2,3,172,82,104.0,236.0,1,4.74369,4.61071,0
2,7,69,104,94.545,214.55,1,4.40947,5.46301,0
2,5,563,88,80.0,181.54,1,10.5301,4.05489,0
2,6,506,115,56.877,129.07,1,14.3846,6.96685,0
3,6,510,121,52.0,118.0,1,15.3541,7.46316,0
3,5,557,82,86.667,196.67,1,9.38632,3.51115,0
3,8,345,89,94.545,214.55,1,6.42452,4.05587,0
3,1,428,98,104.0,236.0,1,4.13165,1.86548,0
3,3,172,82,104.0,236.0,1,4.74369,4.61071,0
3,7,69,104,94.545,214.55,1,4.40947,5.46301,0
4,9,185,89,94.545,214.55,1,6.03629,5.45589,0
4,1,428,98,104.0,236.0,1,4.13165,1.86548,0
4,10,348,82,104.0,236.0,1,5.16485,3.19783,0
4,7,77,122,86.667,196.67,1,4.42294,5.43155,0
4,5,557,82,86.667,196.67,1,9.38632,3.51115,0
4,11,498,115,56.877,129.07,1,14.3738,7.07369,0
5,12,63,122,86.667,196.67,1,4.37541,5.54167,0
5,9,185,89,94.545,214.55,1,6.03629,5.45589,0
5,13,447,89,94.545,214.55,1,6.61135,3.14606,0
5,5,557,82,86.667,196.67,1,9.38632,3.51115,0
5,10,348,82,104.0,236.0,1,5.16485,3.19783,0
6,10,342,88,112.01,254.17,1,3.45726,2.16082,0
6,13,447,104,94.545,214.55,1,5.33304,2.42415,0
6,14,188,82,104.0,236.0,1,4.78812,4.48376,0
6,5,557,82,86.667,196.67,1,9.38632,3.51115,0
6,12,63,122,86.667,196.67,1,4.37541,5.54167,0
6,15,157,75,80.0,181.54,1,11.6194,9.94964,0
7,16,380,98,104.0,236.0,1,4.04934,2.23098,0
7,17,40,104,94.545,214.55,1,4.30922,5.69107,0
7,15,157,75,80.0,181.54,1,11.6194,9.94964,0
7,13,447,104,94.545,214.55,1,5.33304,2.42415,0
7,14,188,82,104.0,236.0,1,4.78812,4.48376,0
7,10,348,82,104.0,236.0,1,5.16485,3.19783,0
7,5,557,82,86.667,196.67,1,9.38632,3.51115,0
8,18,170,97,62.22,141.19,1,14.9332,12.3264,0
8,17,40,104,94.545,214.55,1,4.30922,5.69107,0
8,19,543,82,86.667,196.67,1,9.36873,3.65969,0
8,20,200,104,94.545,214.55,1,4.80716,4.42814,0
8,21,360,104,94.545,214.55,1,5.17867,3.14074,0
8,13,444,82,104.0,236.0,1,5.33622,2.40752,0
9,22,364,82,104.0,236.0,1,5.19611,3.06722,0
9,13,444,82,104.0,236.0,1,5.33622,2.40752,0
9,20,200,104,94.545,214.55,1,4.80716,4.42814,0
9,19,543,82,86.667,196.67,1,9.36873,3.65969,0
9,23,37,108,86.667,196.67,1,5.45633,6.69936,0
9,24,157,75,80.0,181.54,1,11.6194,9.94964,0
10,25,169,81,74.286,168.57,1,12.8253,10.7022,0
10,26,197,135,86.667,196.67,1,3.82646,3.80056,0
10,27,25,104,94.545,214.55,1,4.25558,5.809,0
10,19,543,82,86.667,196.67,1,9.36873,3.65969,0
10,28,223,122,86.667,196.67,1,4.85761,4.27693,0
10,22,364,82,104.0,236.0,1,5.19611,3.06722,0
10,13,444,82,104.0,236.0,1,5.33622,2.40752,0
11,22,364,82,104.0,236.0,1,5.19611,3.06722,0
11,28,223,122,86.667,196.67,1,4.85761,4.27693,0
11,13,445,71,112.01,254.17,1,4.80709,2.06461,0
11,19,543,82,86.667,196.67,1,9.36873,3.65969,0
11,27,25,89,94.545,214.55,1,5.51744,6.8423,0
11,29,170,97,62.22,141.19,1,14.9332,12.3264,0
12,30,12,98,104.0,236.0,1,3.07171,4.92014,0
12,31,157,75,80.0,181.54,1,11.6194,9.94964,0
12,22,375,89,94.545,214.55,1,6.48409,3.78998,0
12,19,543,82,86.667,196.67,1,9.36873,3.65969,0
12,28,231,125,80.0,181.54,1,5.87248,4.93014,0
12,32,460,82,104.0,236.0,1,5.36113,2.27417,0
13,31,157,75,80.0,181.54,1,11.6194,9.94964,0
13,19,543,82,86.667,196.67,1,9.36873,3.65969,0
13,22,375,89,94.545,214.55,1,6.48409,3.78998,0
13,33,229,104,94.545,214.55,1,4.88345,4.19719,0
13,32,460,82,104.0,236.0,1,5.36113,2.27417,0
13,30,11,104,94.545,214.55,1,4.2044,5.91907,0
14,31,157,75,80.0,181.54,1,11.6194,9.94964,0
14,30,0,98,104.0,236.0,1,3.01389,5.03429,0
14,22,375,89,94.545,214.55,1,6.48409,3.78998,0
14,32,462,104,94.545,214.55,1,5.35654,2.29921,0
14,33,237,108,86.667,196.67,1,6.07486,4.97604,0
14,34,538,88,80.0,181.54,1,10.4987,4.33556,0
15,34,530,82,86.667,196.67,1,9.35178,3.79729,0
15,33,237,108,86.667,196.67,1,6.07486,4.97604,0
15,35,174,97,52.0,118.0,1,20.8416,16.6876,0
15,32,462,104,94.545,214.55,1,5.35654,2.29921,0
15,36,380,82,104.0,236.0,1,5.22627,2.93619,0
15,30,0,98,104.0,236.0,1,3.01389,5.03429,0
16,36,380,82,104.0,236.0,1,5.22627,2.93619,0
16,37,476,82,104.0,236.0,1,5.38504,2.14032,0
16,33,237,108,86.667,196.67,1,6.07486,4.97604,0
16,35,174,97,52.0,118.0,1,20.8416,16.6876,0
16,34,530,82,86.667,196.67,1,9.35178,3.79729,0
16,30,11,104,94.545,214.55,1,4.2044,5.91907,0
16,38,444,98,104.0,236.0,1,4.15704,1.74267,0
17,30,0,98,104.0,236.0,1,2.95471,5.14837,0
17,39,538,75,80.0,181.54,1,12.3856,5.3135,0
17,37,476,82,104.0,236.0,1,5.38504,2.14032,0
17,40,244,89,94.545,214.55,1,6.19382,4.94252,0
17,36,380,82,104.0,236.0,1,5.22627,2.93619,0
17,41,165,85,68.041,154.4,1,14.7199,12.2025,0
18,36,380,82,104.0,236.0,1,5.22627,2.93619,0
18,40,244,89,94.545,214.55,1,6.19382,4.94252,0
18,37,476,82,104.0,236.0,1,5.38504,2.14032,0
18,41,165,85,68.041,154.4,1,14.7199,12.2025,0
18,30,0,98,104.0,236.0,1,2.95471,5.14837,0
18,39,538,88,80.0,181.54,1,10.4987,4.33556,0
19,30,0,104,94.545,214.55,1,4.09492,6.14717,0
19,41,165,85,68.041,154.4,1,14.7199,12.2025,0
19,40,250,108,86.667,196.67,1,6.10793,4.86336,0
19,42,492,82,104.0,236.0,1,5.40797,2.00597,0
19,36,380,82,104.0,236.0,1,5.22627,2.93619,0
20,36,380,82,104.0,236.0,1,5.22627,2.93619,0
20,42,492,82,104.0,236.0,1,5.40797,2.00597,0
20,40,244,104,94.545,214.55,1,4.92131,4.07738,0
20,43,174,97,52.0,118.0,1,20.8416,16.6876,0
21,44,283,127,74.286,168.57,1,7.02787,5.19477,0
21,43,174,97,52.0,118.0,1,20.8416,16.6876,0
21,42,492,82,104.0,236.0,1,5.40797,2.00597,0
21,45,396,82,104.0,236.0,1,5.25534,2.80471,0
21,46,260,104,74.286,168.57,1,9.58192,7.17128,0
22,45,396,82,104.0,236.0,1,5.25534,2.80471,0
22,42,492,82,104.0,236.0,1,5.40797,2.00597,0
22,47,258,89,94.545,214.55,1,6.22867,4.82029,0
22,48,165,85,68.041,154.4,1,14.7199,12.2025,0
23,42,492,82,104.0,236.0,1,5.40797,2.00597,0
23,47,258,89,94.545,214.55,1,6.22867,4.82029,0
23,45,396,82,104.0,236.0,1,5.25534,2.80471,0
23,48,165,85,68.041,154.4,1,14.7199,12.2025,0
24,47,263,108,86.667,196.67,1,6.14018,4.75052,0
24,48,165,85,68.041,154.4,1,14.7199,12.2025,0
24,49,505,89,94.545,214.55,1,6.69867,2.6207,0
24,50,412,82,104.0,236.0,1,5.28334,2.67278,0
25,48,165,85,68.041,154.4,1,14.7199,12.2025,0
25,49,505,89,94.545,214.55,1,6.69867,2.6207,0
25,50,412,82,104.0,236.0,1,5.28334,2.67278,0
25,51,273,89,94.545,214.55,1,6.26497,4.68911,0
26,50,412,82,104.0,236.0,1,5.28334,2.67278,0
26,49,505,89,94.545,214.55,1,6.69867,2.6207,0
26,51,273,89,94.545,214.55,1,6.26497,4.68911,0
26,48,165,85,68.041,154.4,1,14.7199,12.2025,0
27,51,277,108,86.667,196.67,1,6.174,4.62881,0
27,52,508,82,104.0,236.0,1,5.42995,1.87111,0
27,50,412,82,104.0,236.0,1,5.28334,2.67278,0
27,48,165,85,68.041,154.4,1,14.7199,12.2025,0
28,50,412,82,104.0,236.0,1,5.28334,2.67278,0
28,52,508,82,104.0,236.0,1,5.42995,1.87111,0
28,53,287,89,94.545,214.55,1,6.29788,4.56647,0
28,48,165,85,68.041,154.4,1,14.7199,12.2025,0
29,48,165,85,68.041,154.4,1,14.7199,12.2025,0
29,50,412,82,104.0,236.0,1,5.28334,2.67278,0
29,52,508,82,104.0,236.0,1,5.42995,1.87111,0
29,53,290,108,86.667,196.67,1,6.20457,4.51561,0
30,48,165,95,68.041,154.4,1,12.8061,10.794,0
30,54,444,66,104.0,236.0,1,6.70673,3.17997,0
30,52,508,82,104.0,236.0,1,5.42995,1.87111,0
30,53,287,89,94.545,214.55,1,6.29788,4.56647,0
30,50,412,82,104.0,236.0,1,5.28334,2.67278,0
31,55,433,89,94.545,214.55,1,6.58829,3.27195,0
31,56,306,104,74.286,168.57,1,9.69098,6.67759,0
31,52,508,82,104.0,236.0,1,5.42995,1.87111,0
31,48,165,95,68.041,154.4,1,12.8061,10.794,0
32,55,433,89,94.545,214.55,1,6.58829,3.27195,0
32,57,303,108,86.667,196.67,1,6.23434,4.40221,0
32,58,524,82,104.0,236.0,1,5.45098,1.73573,0
32,59,157,75,80.0,181.54,1,11.6194,9.94964,0
33,60,165,85,68.041,154.4,1,14.7199,12.2025,0
33,58,524,82,104.0,236.0,1,5.45098,1.73573,0
33,55,428,82,104.0,236.0,1,5.3103,2.54039,0
33,57,303,108,86.667,196.67,1,6.23434,4.40221,0
34,55,428,82,104.0,236.0,1,5.3103,2.54039,0
34,61,317,127,74.286,168.57,1,7.10652,4.88172,0
34,58,524,82,104.0,236.0,1,5.45098,1.73573,0
34,60,165,95,68.041,154.4,1,12.8061,10.794,0
35,62,444,82,104.0,236.0,1,5.33622,2.40752,0
35,61,317,112,80.0,181.54,1,7.31432,4.98303,0
35,58,535,89,94.545,214.55,1,6.73884,2.34643,0
35,60,165,95,68.041,154.4,1,12.8061,10.794,0
36,60,165,95,68.041,154.4,1,12.8061,10.794,0
36,63,418,104,94.545,214.55,1,5.28506,2.66452,0
36,61,317,108,86.667,196.67,1,6.26552,4.27987,0
36,58,535,89,94.545,214.55,1,6.73884,2.34643,0
36,62,447,89,94.545,214.55,1,6.61135,3.14606,0
37,58,535,89,94.545,214.55,1,6.73884,2.34643,0
37,61,317,108,86.667,196.67,1,6.26552,4.27987,0
37,62,447,89,94.545,214.55,1,6.61135,3.14606,0
37,64,174,97,52.0,118.0,1,20.8416,16.6876,0
38,62,447,89,94.545,214.55,1,6.61135,3.14606,0
38,65,329,112,80.0,181.54,1,7.34064,4.87085,0
38,58,535,89,94.545,214.55,1,6.73884,2.34643,0
38,66,157,75,80.0,181.54,1,11.6194,9.94964,0
39,66,157,75,80.0,181.54,1,11.6194,9.94964,0
39,67,540,82,104.0,236.0,1,5.47109,1.59982,0
39,62,447,89,94.545,214.55,1,6.61135,3.14606,0
39,65,329,100,80.0,181.54,1,8.6449,5.69835,0
40,62,447,89,94.545,214.55,1,6.61135,3.14606,0
40,65,330,95,86.667,196.67,1,7.55478,4.96335,0
40,67,549,89,94.545,214.55,1,6.75647,2.21782,0
40,66,157,75,80.0,181.54,1,11.6194,9.94964,0
41,68,342,100,80.0,181.54,1,8.67263,5.56694,0
41,67,549,89,94.545,214.55,1,6.75647,2.21782,0
41,69,462,89,94.545,214.55,1,6.6352,3.01079,0
41,70,433,104,94.545,214.55,1,5.3103,2.54039,0
42,71,157,75,80.0,181.54,1,11.6194,9.94964,0
42,67,549,89,94.545,214.55,1,6.75647,2.21782,0
42,72,466,93,74.286,168.57,1,11.5165,5.80105,0
42,68,343,95,86.667,196.67,1,7.58232,4.84007,0
43,68,343,95,86.667,196.67,1,7.58232,4.84007,0
43,73,463,95,86.667,196.67,1,7.80187,3.69148,0
43,67,540,82,104.0,236.0,1,5.47109,1.59982,0
43,74,443,177,26.0,59.0,1,15.8596,8.93758,0
44,75,157,75,80.0,181.54,1,11.6194,9.94964,0
44,76,433,75,94.545,214.55,1,7.9695,4.06238,0
44,68,343,95,86.667,196.67,1,7.58232,4.84007,0
44,73,462,89,94.545,214.55,1,6.6352,3.01079,0
44,67,549,89,94.545,214.55,1,6.75647,2.21782,0
45,76,433,75,94.545,214.55,1,7.9695,4.06238,0
45,77,491,104,94.545,214.55,1,5.39949,2.05641,0
45,68,343,95,86.667,196.67,1,7.58232,4.84007,0
45,73,462,89,94.545,214.55,1,6.6352,3.01079,0
45,67,557,108,86.667,196.67,1,6.67003,2.13469,0
46,73,462,89,94.545,214.55,1,6.6352,3.01079,0
46,78,357,95,86.667,196.67,1,7.61113,4.70708,0
46,67,557,108,86.667,196.67,1,6.67003,2.13469,0
46,79,440,167,30.847,69.999,1,15.8581,8.95186,0
46,80,157,75,80.0,181.54,1,11.6194,9.94964,0
46,81,503,108,86.667,196.67,1,6.59896,2.62639,0
47,80,157,75,80.0,181.54,1,11.6194,9.94964,0
47,82,476,89,94.545,214.55,1,6.65665,2.88416,0
47,83,564,104,94.545,214.55,1,5.49379,1.43775,0
47,78,357,95,86.667,196.67,1,7.61113,4.70708,0
47,84,428,66,104.0,236.0,1,6.68042,3.32468,0
48,85,370,95,86.667,196.67,1,7.6371,4.58338,0
48,82,476,89,94.545,214.55,1,6.65665,2.88416,0
48,84,433,89,94.545,214.55,1,6.58829,3.27195,0
48,83,556,82,104.0,236.0,1,5.49029,1.46339,0
48,86,505,104,94.545,214.55,1,5.41908,1.9386,0
49,84,433,89,94.545,214.55,1,6.58829,3.27195,0
49,82,476,89,94.545,214.55,1,6.65665,2.88416,0
49,85,370,95,86.667,196.67,1,7.6371,4.58338,0
49,87,174,97,52.0,118.0,1,20.8416,16.6876,0
50,82,476,89,94.545,214.55,1,6.65665,2.88416,0
50,85,370,95,86.667,196.67,1,7.6371,4.58338,0
50,88,428,100,80.0,181.54,1,8.83732,4.69327,0
50,89,505,104,94.545,214.55,1,5.41908,1.9386,0
51,88,428,100,80.0,181.54,1,8.83732,4.69327,0
51,90,383,95,86.667,196.67,1,7.66233,4.45946,0
51,91,491,89,94.545,214.55,1,6.67879,2.74809,0
52,91,491,89,94.545,214.55,1,6.67879,2.74809,0
52,90,383,95,86.667,196.67,1,7.66233,4.45946,0
52,92,431,93,74.286,168.57,1,11.4599,6.21086,0
53,93,476,104,94.545,214.55,1,5.37767,2.1822,0
53,94,410,82,86.667,196.67,1,9.16536,5.0544,0
53,90,383,95,86.667,196.67,1,7.66233,4.45946,0
53,95,505,89,94.545,214.55,1,6.69867,2.6207,0
53,96,437,95,86.667,196.67,1,7.75941,3.94216,0
54,96,437,95,86.667,196.67,1,7.75941,3.94216,0
54,90,383,95,86.667,196.67,1,7.66233,4.45946,0
54,95,505,89,94.545,214.55,1,6.69867,2.6207,0
54,94,410,82,86.667,196.67,1,9.16536,5.0544,0
55,95,505,89,94.545,214.55,1,6.69867,2.6207,0
55,97,397,95,86.667,196.67,1,7.68868,4.32575,0
56,95,505,89,94.545,214.55,1,6.69867,2.6207,0
56,97,397,95,86.667,196.67,1,7.68868,4.32575,0
56,98,157,75,80.0,181.54,1,11.6194,9.94964,0
57,98,157,75,80.0,181.54,1,11.6194,9.94964,0
57,95,505,75,94.545,214.55,1,8.08062,3.35707,0
57,97,397,95,86.667,196.67,1,7.68868,4.32575,0
58,97,397,95,86.667,196.67,1,7.68868,4.32575,0
58,95,505,89,94.545,214.55,1,6.69867,2.6207,0
59,99,517,95,86.667,196.67,1,7.8816,3.1671,0
59,97,397,95,86.667,196.67,1,7.68868,4.32575,0
59,100,157,75,80.0,181.54,1,11.6194,9.94964,0
60,97,397,95,86.667,196.67,1,7.68868,4.32575,0
60,101,520,89,94.545,214.55,1,6.71917,2.48379,0
60,102,423,108,86.667,196.67,1,6.47324,3.34461,0
60,103,174,97,52.0,118.0,1,20.8416,16.6876,0
61,104,157,75,80.0,181.54,1,11.6194,9.94964,0
61,101,520,89,94.545,214.55,1,6.71917,2.48379,0
61,105,409,104,74.286,168.57,1,9.90031,5.56888,0
61,106,431,116,74.286,168.57,1,8.49483,4.49505,0
62,107,420,116,74.286,168.57,1,8.4755,4.60519,0
62,101,530,95,86.667,196.67,1,7.89916,3.04006,0
62,104,157,75,80.0,181.54,1,11.6194,9.94964,0
63,104,157,75,80.0,181.54,1,11.6194,9.94964,0
63,108,391,88,80.0,181.54,1,10.2673,5.96734,0
63,107,420,116,74.286,168.57,1,8.4755,4.60519,0
63,101,530,95,86.667,196.67,1,7.89916,3.04006,0
64,101,530,95,86.667,196.67,1,7.89916,3.04006,0
64,109,428,100,80.0,181.54,1,8.83732,4.69327,0
64,108,391,88,80.0,181.54,1,10.2673,5.96734,0
64,104,157,75,80.0,181.54,1,11.6194,9.94964,0
65,104,157,75,80.0,181.54,1,11.6194,9.94964,0
65,108,383,82,86.667,196.67,1,9.11545,5.33451,0
65,101,530,95,86.667,196.67,1,7.89916,3.04006,0
65,109,428,100,80.0,181.54,1,8.83732,4.69327,0
66,109,428,100,80.0,181.54,1,8.83732,4.69327,0
66,101,530,95,86.667,196.67,1,7.89916,3.04006,0
66,108,383,82,86.667,196.67,1,9.11545,5.33451,0
66,110,557,108,86.667,196.67,1,6.67003,2.13469,0
66,104,157,75,80.0,181.54,1,11.6194,9.94964,0
67,104,157,75,80.0,181.54,1,11.6194,9.94964,0
67,111,378,88,80.0,181.54,1,10.2427,6.11048,0
67,112,535,89,94.545,214.55,1,6.73884,2.34643,0
67,109,428,100,80.0,181.54,1,8.83732,4.69327,0
68,109,428,100,80.0,181.54,1,8.83732,4.69327,0
68,111,378,88,80.0,181.54,1,10.2427,6.11048,0
68,112,543,95,86.667,196.67,1,7.9161,2.91269,0
68,113,165,95,68.041,154.4,1,12.8061,10.794,0
69,113,165,95,68.041,154.4,1,12.8061,10.794,0
69,114,437,82,86.667,196.67,1,9.21224,4.7734,0
69,111,378,88,80.0,181.54,1,10.2427,6.11048,0
69,115,557,95,86.667,196.67,1,7.93366,2.77516,0
70,114,437,82,86.667,196.67,1,9.21224,4.7734,0
70,111,378,88,80.0,181.54,1,10.2427,6.11048,0
70,115,549,75,94.545,214.55,1,8.13889,2.92145,0
70,113,165,95,68.041,154.4,1,12.8061,10.794,0
71,114,437,82,86.667,196.67,1,9.21224,4.7734,0
71,116,374,93,74.286,168.57,1,11.3574,6.87624,0
71,115,557,82,86.667,196.67,1,9.38632,3.51115,0
71,113,165,95,68.041,154.4,1,12.8061,10.794,0
72,117,169,81,74.286,168.57,1,12.8253,10.7022,0
72,115,557,95,86.667,196.67,1,7.93366,2.77516,0
72,116,374,93,74.286,168.57,1,11.3574,6.87624,0
72,118,452,100,80.0,181.54,1,8.87774,4.4478,0
73,118,452,100,80.0,181.54,1,8.87774,4.4478,0
73,116,374,93,74.286,168.57,1,11.3574,6.87624,0
73,115,557,82,86.667,196.67,1,9.38632,3.51115,0
73,119,157,75,80.0,181.54,1,11.6194,9.94964,0
74,119,169,81,74.286,168.57,1,12.8253,10.7022,0
74,115,549,75,94.545,214.55,1,8.13889,2.92145,0
74,118,454,104,74.286,168.57,1,9.97764,5.08152,0
74,116,366,88,80.0,181.54,1,10.2194,6.2425,0
75,118,452,100,80.0,181.54,1,8.87774,4.4478,0
75,116,366,88,80.0,181.54,1,10.2194,6.2425,0
75,115,557,95,86.667,196.67,1,7.93366,2.77516,0
75,120,165,95,68.041,154.4,1,12.8061,10.794,0
76,120,165,95,68.041,154.4,1,12.8061,10.794,0
76,121,570,95,86.667,196.67,1,7.94936,2.64711,0
76,116,366,88,80.0,181.54,1,10.2194,6.2425,0
76,122,466,104,74.286,168.57,1,9.9969,4.95114,0
77,122,466,104,74.286,168.57,1,9.9969,4.95114,0
77,116,366,88,80.0,181.54,1,10.2194,6.2425,0
77,123,169,81,74.286,168.57,1,12.8253,10.7022,0
77,124,563,100,80.0,181.54,1,9.03579,3.30042,0
78,122,466,104,74.286,168.57,1,9.9969,4.95114,0
78,125,363,93,74.286,168.57,1,11.336,7.00446,0
78,124,557,95,86.667,196.67,1,7.93366,2.77516,0
78,126,165,95,68.041,154.4,1,12.8061,10.794,0
79,127,530,82,86.667,196.67,1,9.35178,3.79729,0
79,126,165,95,68.041,154.4,1,12.8061,10.794,0
79,125,363,93,74.286,168.57,1,11.336,7.00446,0
79,122,466,104,74.286,168.57,1,9.9969,4.95114,0
79,124,557,95,86.667,196.67,1,7.93366,2.77516,0
80,128,463,82,86.667,196.67,1,9.2546,4.50187,0
80,129,351,93,74.286,168.57,1,11.3122,7.1443,0
80,124,557,95,86.667,196.67,1,7.93366,2.77516,0
80,126,165,95,68.041,154.4,1,12.8061,10.794,0
80,127,530,82,86.667,196.67,1,9.35178,3.79729,0
81,129,351,93,74.286,168.57,1,11.3122,7.1443,0
81,126,165,95,68.041,154.4,1,12.8061,10.794,0
81,130,480,95,68.041,154.4,1,13.4569,6.73602,0
81,131,557,104,74.286,168.57,1,10.1254,3.95539,0
82,131,551,100,80.0,181.54,1,9.02088,3.42552,0
82,132,176,95,68.041,154.4,1,12.8362,10.6498,0
82,133,477,100,80.0,181.54,1,8.9174,4.19119,0
82,129,351,93,74.286,168.57,1,11.3122,7.1443,0
83,133,477,100,80.0,181.54,1,8.9174,4.19119,0
83,134,354,88,80.0,181.54,1,10.1954,6.37443,0
83,132,176,95,68.041,154.4,1,12.8362,10.6498,0
83,135,538,88,80.0,181.54,1,10.4987,4.33556,0
84,135,538,100,80.0,181.54,1,9.00415,3.56073,0
84,136,489,93,74.286,168.57,1,11.5512,5.53106,0
84,134,354,88,80.0,181.54,1,10.1954,6.37443,0
84,132,169,81,74.286,168.57,1,12.8253,10.7022,0
85,132,169,81,74.286,168.57,1,12.8253,10.7022,0
85,136,489,104,74.286,168.57,1,10.0323,4.70068,0
85,134,354,88,80.0,181.54,1,10.1954,6.37443,0
85,135,538,100,80.0,181.54,1,9.00415,3.56073,0
86,136,489,100,80.0,181.54,1,8.93557,4.06767,0
86,137,344,95,68.041,154.4,1,13.2264,8.47792,0
86,132,169,81,74.286,168.57,1,12.8253,10.7022,0
86,138,534,104,74.286,168.57,1,10.0957,4.20834,0
86,139,384,106,56.877,129.07,1,16.0037,9.69682,0
87,140,500,104,74.286,168.57,1,10.0485,4.58063,0
87,137,344,95,68.041,154.4,1,13.2264,8.47792,0
87,132,176,95,68.041,154.4,1,12.8362,10.6498,0
87,138,534,104,74.286,168.57,1,10.0957,4.20834,0
87,139,384,106,56.877,129.07,1,16.0037,9.69682,0
88,139,384,106,56.877,129.07,1,16.0037,9.69682,0
88,138,534,104,74.286,168.57,1,10.0957,4.20834,0
88,140,500,104,74.286,168.57,1,10.0485,4.58063,0
88,137,340,93,74.286,168.57,1,11.2898,7.27247,0
88,132,169,81,74.286,168.57,1,12.8253,10.7022,0
89,141,503,82,86.667,196.67,1,9.31464,4.08212,0
89,137,340,93,74.286,168.57,1,11.2898,7.27247,0
89,132,169,81,74.286,168.57,1,12.8253,10.7022,0
89,142,530,95,86.667,196.67,1,7.89916,3.04006,0
89,139,384,106,56.877,129.07,1,16.0037,9.69682,0
90,143,514,100,80.0,181.54,1,8.97167,3.80955,0
90,137,340,93,74.286,168.57,1,11.2898,7.27247,0
90,132,169,81,74.286,168.57,1,12.8253,10.7022,0
90,139,384,106,56.877,129.07,1,16.0037,9.69682,0
91,132,176,95,68.041,154.4,1,12.8362,10.6498,0
91,144,538,100,80.0,181.54,1,9.00415,3.56073,0
91,143,511,104,74.286,168.57,1,10.0642,4.46038,0
91,137,329,88,80.0,181.54,1,10.1435,6.64904,0
92,144,538,100,80.0,181.54,1,9.00415,3.56073,0
92,145,514,88,80.0,181.54,1,10.4665,4.60402,0
92,137,329,88,80.0,181.54,1,10.1435,6.64904,0
92,132,176,85,68.041,154.4,1,14.7478,12.0434,0
93,146,523,104,74.286,168.57,1,10.0809,4.32899,0
93,137,329,88,80.0,181.54,1,10.1435,6.64904,0
93,132,176,85,68.041,154.4,1,14.7478,12.0434,0
93,147,399,181,26.0,59.0,1,14.9688,9.06579,0
94,148,514,88,80.0,181.54,1,10.4665,4.60402,0
94,137,329,88,80.0,181.54,1,10.1435,6.64904,0
94,132,176,85,68.041,154.4,1,14.7478,12.0434,0
94,147,399,181,26.0,59.0,1,14.9688,9.06579,0
95,149,517,82,86.667,196.67,1,9.33423,3.93459,0
95,137,329,88,80.0,181.54,1,10.1435,6.64904,0
95,132,179,97,62.22,141.19,1,14.9557,12.195,0
95,150,384,106,56.877,129.07,1,16.0037,9.69682,0
96,150,384,106,56.877,129.07,1,16.0037,9.69682,0
96,132,176,85,68.041,154.4,1,14.7478,12.0434,0
96,151,514,88,80.0,181.54,1,10.4665,4.60402,0
96,152,317,93,74.286,168.57,1,11.2413,7.54043,0
97,151,514,88,80.0,181.54,1,10.4665,4.60402,0
97,132,176,85,68.041,154.4,1,14.7478,12.0434,0
97,152,317,93,74.286,168.57,1,11.2413,7.54043,0
97,153,538,100,80.0,181.54,1,9.00415,3.56073,0
98,152,317,93,74.286,168.57,1,11.2413,7.54043,0
98,132,176,85,68.041,154.4,1,14.7478,12.0434,0
98,153,530,82,86.667,196.67,1,9.35178,3.79729,0
98,154,500,104,74.286,168.57,1,10.0485,4.58063,0
99,155,380,107,62.22,141.19,1,13.4646,8.16255,0
99,154,501,116,68.041,154.4,1,10.3066,4.7439,0
99,153,530,82,86.667,196.67,1,9.35178,3.79729,0
99,132,179,97,62.22,141.19,1,14.9557,12.195,0
99,152,317,88,80.0,181.54,1,10.1175,6.78076,0
100,132,179,97,62.22,141.19,1,14.9557,12.195,0
100,153,538,100,80.0,181.54,1,9.00415,3.56073,0
100,156,506,163,47.893,108.68,1,10.1665,4.73868,0
100,152,317,93,74.286,168.57,1,11.2413,7.54043,0
100,157,382,113,52.0,118.0,1,16.8859,10.2985,0
101,157,382,113,52.0,118.0,1,16.8859,10.2985,0
101,132,176,85,68.041,154.4,1,14.7478,12.0434,0
101,152,317,93,74.286,168.57,1,11.2413,7.54043,0
101,153,538,100,80.0,181.54,1,9.00415,3.56073,0
101,158,504,170,43.854,99.515,1,10.4247,4.92721,0
102,157,382,113,52.0,118.0,1,16.8859,10.2985,0
102,132,179,97,62.22,141.19,1,14.9557,12.195,0
102,159,312,95,68.041,154.4,1,13.1616,8.88847,0
102,153,546,104,74.286,168.57,1,10.1114,4.07648,0
102,160,498,156,47.893,108.68,1,11.1086,5.3507,0
103,132,179,97,62.22,141.19,1,14.9557,12.195,0
103,159,306,93,74.286,168.57,1,11.2172,7.66861,0
103,160,498,156,47.893,108.68,1,11.1086,5.3507,0
103,161,551,88,80.0,181.54,1,10.5153,4.18975,0
103,162,391,181,26.0,59.0,1,14.955,9.17636,0
104,163,538,100,80.0,181.54,1,9.00415,3.56073,0
104,164,382,113,52.0,118.0,1,16.8859,10.2985,0
104,165,563,88,80.0,181.54,1,10.5301,4.05489,0
104,159,306,93,74.286,168.57,1,11.2172,7.66861,0
104,132,176,85,68.041,154.4,1,14.7478,12.0434,0
104,166,486,145,52.0,118.0,1,11.2383,5.53359,0
105,132,179,97,62.22,141.19,1,14.9557,12.195,0
105,167,557,93,74.286,168.57,1,11.6427,4.72873,0
105,159,306,93,74.286,168.57,1,11.2172,7.66861,0
105,168,480,116,68.041,154.4,1,10.2752,4.97592,0
105,169,395,175,28.326,64.279,1,15.1644,9.22997,0
106,170,501,106,68.041,154.4,1,11.713,5.50583,0
106,171,391,175,28.326,64.279,1,15.1576,9.28575,0
106,159,306,93,74.286,168.57,1,11.2172,7.66861,0
106,132,176,95,68.041,154.4,1,12.8362,10.6498,0
106,172,569,93,74.286,168.57,1,11.6573,4.58642,0
106,168,480,116,68.041,154.4,1,10.2752,4.97592,0
107,173,392,172,30.847,69.999,1,14.7625,9.01375,0
107,172,569,93,74.286,168.57,1,11.6573,4.58642,0
107,132,179,97,62.22,141.19,1,14.9557,12.195,0
107,159,306,93,74.286,168.57,1,11.2172,7.66861,0
107,168,480,116,68.041,154.4,1,10.2752,4.97592,0
107,170,501,106,68.041,154.4,1,11.713,5.50583,0
108,174,391,185,26.0,59.0,1,14.1814,8.70108,0
108,175,302,106,68.041,154.4,1,11.3514,7.84806,0
108,176,399,175,28.326,64.279,1,15.1712,9.17421,0
108,172,574,106,68.041,154.4,1,11.8082,4.63726,0
108,132,176,85,68.041,154.4,1,14.7478,12.0434,0
108,170,501,106,68.041,154.4,1,11.713,5.50583,0
109,132,179,97,62.22,141.19,1,14.9557,12.195,0
109,172,574,106,68.041,154.4,1,11.8082,4.63726,0
109,175,302,106,68.041,154.4,1,11.3514,7.84806,0
109,177,526,129,52.0,118.0,1,13.8614,6.43521,0
109,178,395,179,28.326,64.279,1,14.3794,8.74994,0
109,179,470,116,68.041,154.4,1,10.2596,5.08619,0
110,180,384,115,56.877,129.07,1,14.1956,8.59428,0
110,181,305,106,56.877,129.07,1,15.8641,10.8438,0
110,179,470,116,68.041,154.4,1,10.2596,5.08619,0
110,182,580,93,74.286,168.57,1,11.6702,4.45575,0
110,132,176,95,68.041,154.4,1,12.8362,10.6498,0
110,183,501,106,68.041,154.4,1,11.713,5.50583,0
111,181,310,113,52.0,118.0,1,16.7649,11.3848,0
111,184,459,116,68.041,154.4,1,10.2421,5.20733,0
111,180,384,115,56.877,129.07,1,14.1956,8.59428,0
111,183,501,106,68.041,154.4,1,11.713,5.50583,0
111,132,176,95,68.041,154.4,1,12.8362,10.6498,0
111,182,580,93,74.286,168.57,1,11.6702,4.45575,0
112,132,176,95,68.041,154.4,1,12.8362,10.6498,0
112,183,504,116,62.22,141.19,1,12.1712,5.75399,0
112,182,580,93,74.286,168.57,1,11.6702,4.45575,0
112,180,384,115,56.877,129.07,1,14.1956,8.59428,0
112,184,459,116,68.041,154.4,1,10.2421,5.20733,0
112,185,303,107,62.22,141.19,1,13.313,9.15833,0
113,186,454,132,56.877,129.07,1,11.4831,6.04707,0
113,185,303,107,62.22,141.19,1,13.313,9.15833,0
113,182,580,93,74.286,168.57,1,11.6702,4.45575,0
113,183,501,106,68.041,154.4,1,11.713,5.50583,0
113,180,384,115,56.877,129.07,1,14.1956,8.59428,0
113,132,176,95,68.041,154.4,1,12.8362,10.6498,0
114,187,180,81,74.286,168.57,1,12.855,10.5581,0
114,183,504,116,62.22,141.19,1,12.1712,5.75399,0
114,188,449,116,68.041,154.4,1,10.2257,5.31733,0
114,180,384,115,56.877,129.07,1,14.1956,8.59428,0
114,185,303,107,62.22,141.19,1,13.313,9.15833,0
114,182,575,88,80.0,181.54,1,10.5444,3.91977,0
115,187,180,81,74.286,168.57,1,12.855,10.5581,0
115,189,294,107,62.22,141.19,1,13.2936,9.27508,0
115,180,380,107,62.22,141.19,1,13.4646,8.16255,0
115,190,447,126,62.22,141.19,1,10.6214,5.60386,0
115,183,504,116,62.22,141.19,1,12.1712,5.75399,0
115,191,590,97,62.22,141.19,1,15.6549,6.37762,0
116,189,294,107,62.22,141.19,1,13.2936,9.27508,0
116,183,504,107,62.22,141.19,1,13.6614,6.56111,0
116,192,445,132,56.877,129.07,1,11.4683,6.15238,0
116,187,180,81,74.286,168.57,1,12.855,10.5581,0
116,180,384,115,56.877,129.07,1,14.1956,8.59428,0
117,193,176,85,68.041,154.4,1,14.7478,12.0434,0
117,180,384,115,56.877,129.07,1,14.1956,8.59428,0
117,189,294,107,62.22,141.19,1,13.2936,9.27508,0
117,194,437,116,62.22,141.19,1,12.068,6.56268,0
117,195,494,116,62.22,141.19,1,12.1568,5.87497,0
118,189,294,107,62.22,141.19,1,13.2936,9.27508,0
118,195,494,116,62.22,141.19,1,12.1568,5.87497,0
118,180,384,115,56.877,129.07,1,14.1956,8.59428,0
118,196,447,156,47.893,108.68,1,11.0275,5.93581,0
118,197,180,81,74.286,168.57,1,12.855,10.5581,0
119,198,437,116,62.22,141.19,1,12.068,6.56268,0
119,197,180,81,74.286,168.57,1,12.855,10.5581,0
119,189,294,97,62.22,141.19,1,15.2132,10.5415,0
119,199,411,185,26.0,59.0,1,14.2165,8.43415,0
119,195,494,107,62.22,141.19,1,13.6475,6.69052,0
119,200,378,179,28.326,64.279,1,14.3488,8.97893,0
120,201,176,85,68.041,154.4,1,14.7478,12.0434,0
120,202,438,145,52.0,118.0,1,11.1607,6.08778,0
120,189,291,95,68.041,154.4,1,13.1168,9.15842,0
120,203,384,115,56.877,129.07,1,14.1956,8.59428,0
120,195,494,107,62.22,141.19,1,13.6475,6.69052,0
121,195,494,107,62.22,141.19,1,13.6475,6.69052,0
121,203,384,123,56.877,129.07,1,12.7777,7.72962,0
121,204,180,81,74.286,168.57,1,12.855,10.5581,0
121,202,438,145,52.0,118.0,1,11.1607,6.08778,0
121,189,294,97,62.22,141.19,1,15.2132,10.5415,0
122,204,186,95,68.041,154.4,1,12.863,10.5189,0
122,189,294,97,62.22,141.19,1,15.2132,10.5415,0
122,205,427,116,62.22,141.19,1,12.0512,6.68306,0
122,195,494,107,62.22,141.19,1,13.6475,6.69052,0
122,206,404,179,28.326,64.279,1,14.3951,8.62879,0
123,207,430,145,52.0,118.0,1,11.1469,6.17993,0
123,204,180,81,74.286,168.57,1,12.855,10.5581,0
123,189,296,106,56.877,129.07,1,15.8468,10.9754,0
123,208,389,116,62.22,141.19,1,11.9836,7.14005,0
124,209,396,106,68.041,154.4,1,11.5423,6.74416,0
124,210,489,115,56.877,129.07,1,14.3613,7.19384,0
124,204,186,85,68.041,154.4,1,14.7727,11.8993,0
124,207,427,132,56.877,129.07,1,11.4377,6.3628,0
124,189,296,106,56.877,129.07,1,15.8468,10.9754,0
125,211,418,116,62.22,141.19,1,12.0357,6.79136,0
125,204,186,85,68.041,154.4,1,14.7727,11.8993,0
125,210,489,115,56.877,129.07,1,14.3613,7.19384,0
125,212,283,81,74.286,168.57,1,13.1058,9.22277,0
125,213,386,106,68.041,154.4,1,11.5237,6.86168,0
126,211,418,116,62.22,141.19,1,12.0357,6.79136,0
126,204,189,97,62.22,141.19,1,14.9803,12.0494,0
126,214,281,95,68.041,154.4,1,13.0948,9.28716,0
126,215,486,129,52.0,118.0,1,13.8065,6.95699,0
126,213,389,116,62.22,141.19,1,11.9836,7.14005,0
127,215,486,129,52.0,118.0,1,13.8065,6.95699,0
127,204,189,97,62.22,141.19,1,14.9803,12.0494,0
127,216,408,116,62.22,141.19,1,12.0181,6.91164,0
127,214,281,95,68.041,154.4,1,13.0948,9.28716,0
128,216,408,116,62.22,141.19,1,12.0181,6.91164,0
128,204,189,97,62.22,141.19,1,14.9803,12.0494,0
128,214,281,95,68.041,154.4,1,13.0948,9.28716,0
128,215,486,129,52.0,118.0,1,13.8065,6.95699,0
129,217,396,106,68.041,154.4,1,11.5423,6.74416,0
129,214,281,95,68.041,154.4,1,13.0948,9.28716,0
129,204,186,85,68.041,154.4,1,14.7727,11.8993,0
129,218,475,116,62.22,141.19,1,12.1285,6.10454,0
130,204,186,85,68.041,154.4,1,14.7727,11.8993,0
130,218,475,116,62.22,141.19,1,12.1285,6.10454,0
130,217,399,116,62.22,141.19,1,12.0019,7.01985,0
130,214,281,95,68.041,154.4,1,13.0948,9.28716,0
131,214,281,95,68.041,154.4,1,13.0948,9.28716,0
131,217,399,116,62.22,141.19,1,12.0019,7.01985,0
131,204,180,81,74.286,168.57,1,12.855,10.5581,0
131,219,478,129,52.0,118.0,1,13.7948,7.06121,0
132,214,281,95,68.041,154.4,1,13.0948,9.28716,0
132,220,189,97,62.22,141.19,1,14.9803,12.0494,0
132,217,396,106,68.041,154.4,1,11.5423,6.74416,0
132,221,471,123,56.877,129.07,1,12.924,6.64163,0
133,214,281,95,68.041,154.4,1,13.0948,9.28716,0
133,220,189,97,62.22,141.19,1,14.9803,12.0494,0
133,221,471,123,56.877,129.07,1,12.924,6.64163,0
133,217,396,106,68.041,154.4,1,11.5423,6.74416,0
134,221,466,116,62.22,141.19,1,12.1147,6.21316,0
134,222,389,116,62.22,141.19,1,11.9836,7.14005,0
134,220,189,97,62.22,141.19,1,14.9803,12.0494,0
134,214,281,95,68.041,154.4,1,13.0948,9.28716,0
135,220,186,85,68.041,154.4,1,14.7727,11.8993,0
135,214,281,95,68.041,154.4,1,13.0948,9.28716,0
135,221,471,123,56.877,129.07,1,12.924,6.64163,0
135,222,389,116,62.22,141.19,1,11.9836,7.14005,0
136,221,466,116,62.22,141.19,1,12.1147,6.21316,0
136,220,186,85,68.041,154.4,1,14.7727,11.8993,0
136,223,270,95,68.041,154.4,1,13.07,9.42893,0
136,222,389,107,62.22,141.19,1,13.4808,8.04639,0
137,222,386,106,68.041,154.4,1,11.5237,6.86168,0
137,220,186,85,68.041,154.4,1,14.7727,11.8993,0
137,223,270,95,68.041,154.4,1,13.07,9.42893,0
137,221,466,116,62.22,141.19,1,12.1147,6.21316,0
138,221,459,106,68.041,154.4,1,11.6497,6.00238,0
138,220,180,81,74.286,168.57,1,12.855,10.5581,0
138,223,270,95,68.041,154.4,1,13.07,9.42893,0
138,222,386,106,68.041,154.4,1,11.5237,6.86168,0
139,222,386,106,68.041,154.4,1,11.5237,6.86168,0
139,224,176,85,68.041,154.4,1,14.7478,12.0434,0
139,223,270,95,68.041,154.4,1,13.07,9.42893,0
139,225,470,137,52.0,118.0,1,12.4291,6.40316,0
140,226,260,95,68.041,154.4,1,13.0471,9.55797,0
140,227,180,81,74.286,168.57,1,12.855,10.5581,0
140,222,386,106,68.041,154.4,1,11.5237,6.86168,0
140,228,456,107,62.22,141.19,1,13.5917,7.18166,0
141,229,176,85,68.041,154.4,1,14.7478,12.0434,0
141,228,456,107,62.22,141.19,1,13.5917,7.18166,0
141,226,260,95,68.041,154.4,1,13.0471,9.55797,0
141,222,386,106,68.041,154.4,1,11.5237,6.86168,0
142,229,176,85,68.041,154.4,1,14.7478,12.0434,0
142,226,260,95,68.041,154.4,1,13.0471,9.55797,0
142,222,386,106,68.041,154.4,1,11.5237,6.86168,0
142,228,456,107,62.22,141.19,1,13.5917,7.18166,0
143,226,260,95,68.041,154.4,1,13.0471,9.55797,0
143,230,186,85,68.041,154.4,1,14.7727,11.8993,0
143,222,386,106,68.041,154.4,1,11.5237,6.86168,0
143,228,456,107,62.22,141.19,1,13.5917,7.18166,0
144,226,249,95,68.041,154.4,1,13.0213,9.7001,0
144,231,179,97,62.22,141.19,1,14.9557,12.195,0
144,222,396,106,68.041,154.4,1,11.5423,6.74416,0
144,232,370,116,62.22,141.19,1,11.9476,7.36837,0
144,228,456,116,62.22,141.19,1,12.0989,6.33376,0
145,228,449,106,68.041,154.4,1,11.6337,6.12033,0
145,222,399,116,62.22,141.19,1,12.0019,7.01985,0
145,231,179,97,62.22,141.19,1,14.9557,12.195,0
145,226,249,95,68.041,154.4,1,13.0213,9.7001,0
145,232,365,106,68.041,154.4,1,11.4835,7.10834,0
146,226,249,95,68.041,154.4,1,13.0213,9.7001,0
146,222,399,116,62.22,141.19,1,12.0019,7.01985,0
146,231,179,97,62.22,141.19,1,14.9557,12.195,0
146,233,361,116,62.22,141.19,1,11.93,7.47651,0
147,233,361,116,62.22,141.19,1,11.93,7.47651,0
147,234,449,106,68.041,154.4,1,11.6337,6.12033,0
147,222,399,116,62.22,141.19,1,12.0019,7.01985,0
147,226,249,95,68.041,154.4,1,13.0213,9.7001,0
147,231,176,95,68.041,154.4,1,12.8362,10.6498,0
148,226,249,95,68.041,154.4,1,13.0213,9.7001,0
148,231,176,95,68.041,154.4,1,12.8362,10.6498,0
148,222,399,116,62.22,141.19,1,12.0019,7.01985,0
148,233,361,116,62.22,141.19,1,11.93,7.47651,0
148,234,449,106,68.041,154.4,1,11.6337,6.12033,0
149,235,447,107,62.22,141.19,1,13.5778,7.29787,0
149,233,361,116,62.22,141.19,1,11.93,7.47651,0
149,231,179,97,62.22,141.19,1,14.9557,12.195,0
149,226,249,95,68.041,154.4,1,13.0213,9.7001,0
149,222,399,116,62.22,141.19,1,12.0019,7.01985,0
150,226,249,95,68.041,154.4,1,13.0213,9.7001,0
150,231,179,97,62.22,141.19,1,14.9557,12.195,0
150,222,399,116,62.22,141.19,1,12.0019,7.01985,0
150,236,351,116,62.22,141.19,1,11.9101,7.59666,0
150,237,454,105,52.0,118.0,1,18.9399,10.3359,0
151,237,454,105,52.0,118.0,1,18.9399,10.3359,0
151,226,249,95,68.041,154.4,1,13.0213,9.7001,0
151,231,176,85,68.041,154.4,1,14.7478,12.0434,0
151,222,396,106,68.041,154.4,1,11.5423,6.74416,0
151,236,351,116,62.22,141.19,1,11.9101,7.59666,0
151,238,43,116,74.286,168.57,1,7.46777,8.33576,0
152,238,43,116,74.286,168.57,1,7.46777,8.33576,0
152,222,399,116,62.22,141.19,1,12.0019,7.01985,0
152,236,351,116,62.22,141.19,1,11.9101,7.59666,0
152,226,249,95,68.041,154.4,1,13.0213,9.7001,0
152,231,176,85,68.041,154.4,1,14.7478,12.0434,0
153,231,176,85,68.041,154.4,1,14.7478,12.0434,0
153,236,351,116,62.22,141.19,1,11.9101,7.59666,0
153,226,249,95,68.041,154.4,1,13.0213,9.7001,0
153,222,399,107,62.22,141.19,1,13.4984,7.91733,0
153,239,447,107,62.22,141.19,1,13.5778,7.29787,0
154,222,399,107,62.22,141.19,1,13.4984,7.91733,0
154,240,438,106,68.041,154.4,1,11.6156,6.24998,0
154,231,176,95,68.041,154.4,1,12.8362,10.6498,0
154,226,249,95,68.041,154.4,1,13.0213,9.7001,0
154,236,351,116,62.22,141.19,1,11.9101,7.59666,0
155,241,391,88,80.0,181.54,1,10.2673,5.96734,0
155,231,176,85,68.041,154.4,1,14.7478,12.0434,0
155,242,342,137,52.0,118.0,1,12.1992,7.9666,0
155,226,249,95,68.041,154.4,1,13.0213,9.7001,0
155,240,438,106,68.041,154.4,1,11.6156,6.24998,0
156,231,176,85,68.041,154.4,1,14.7478,12.0434,0
156,226,249,95,68.041,154.4,1,13.0213,9.7001,0
156,240,437,116,62.22,141.19,1,12.068,6.56268,0
156,242,342,137,52.0,118.0,1,12.1992,7.9666,0
156,243,389,116,62.22,141.19,1,11.9836,7.14005,0
157,244,413,188,28.326,64.279,1,12.805,7.54218,0
157,245,239,95,68.041,154.4,1,12.9974,9.82951,0
157,240,438,106,68.041,154.4,1,11.6156,6.24998,0
157,231,179,97,62.22,141.19,1,14.9557,12.195,0
157,242,342,137,52.0,118.0,1,12.1992,7.9666,0
158,246,389,116,62.22,141.19,1,11.9836,7.14005,0
158,240,437,116,62.22,141.19,1,12.068,6.56268,0
158,245,239,95,68.041,154.4,1,12.9974,9.82951,0
158,242,342,137,52.0,118.0,1,12.1992,7.9666,0
158,231,176,85,68.041,154.4,1,14.7478,12.0434,0
159,231,179,97,62.22,141.19,1,14.9557,12.195,0
159,247,249,95,68.041,154.4,1,13.0213,9.7001,0
159,248,332,107,62.22,141.19,1,13.3729,8.78274,0
159,240,437,116,62.22,141.19,1,12.068,6.56268,0
159,249,391,88,80.0,181.54,1,10.2673,5.96734,0
160,250,399,116,62.22,141.19,1,12.0019,7.01985,0
160,240,437,116,62.22,141.19,1,12.068,6.56268,0
160,231,176,85,68.041,154.4,1,14.7478,12.0434,0
160,251,340,123,56.877,129.07,1,12.6924,8.27969,0
160,247,249,95,68.041,154.4,1,13.0213,9.7001,0
161,247,249,95,68.041,154.4,1,13.0213,9.7001,0
161,252,127,205,30.847,69.999,1,8.87912,8.64312,0
161,240,437,116,62.22,141.19,1,12.068,6.56268,0
161,253,389,116,62.22,141.19,1,11.9836,7.14005,0
161,254,332,116,62.22,141.19,1,11.8711,7.82498,0
161,231,176,85,68.041,154.4,1,14.7478,12.0434,0
162,231,179,97,62.22,141.19,1,14.9557,12.195,0
162,254,332,116,62.22,141.19,1,11.8711,7.82498,0
162,253,389,116,62.22,141.19,1,11.9836,7.14005,0
162,240,437,116,62.22,141.19,1,12.068,6.56268,0
162,255,246,97,62.22,141.19,1,15.1124,11.2265,0
163,256,180,81,74.286,168.57,1,12.855,10.5581,0
163,254,332,116,62.22,141.19,1,11.8711,7.82498,0
163,257,436,132,56.877,129.07,1,11.4531,6.25762,0
163,253,389,116,62.22,141.19,1,11.9836,7.14005,0
163,258,249,85,68.041,154.4,1,14.9194,10.9994,0
164,259,246,97,62.22,141.19,1,15.1124,11.2265,0
164,253,389,116,62.22,141.19,1,11.9836,7.14005,0
164,260,179,97,62.22,141.19,1,14.9557,12.195,0
164,254,332,116,62.22,141.19,1,11.8711,7.82498,0
164,261,427,116,62.22,141.19,1,12.0512,6.68306,0
165,254,331,123,56.877,129.07,1,12.674,8.3923,0
165,261,428,106,68.041,154.4,1,11.5988,6.36775,0
165,260,176,85,68.041,154.4,1,14.7478,12.0434,0
165,259,249,85,68.041,154.4,1,14.9194,10.9994,0
166,262,380,116,62.22,141.19,1,11.9667,7.24821,0
166,263,252,97,56.877,129.07,1,17.8726,13.0733,0
166,261,428,106,68.041,154.4,1,11.5988,6.36775,0
166,260,176,85,68.041,154.4,1,14.7478,12.0434,0
166,254,331,115,56.877,129.07,1,14.0966,9.30282,0
167,260,179,97,62.22,141.19,1,14.9557,12.195,0
167,254,332,107,62.22,141.19,1,13.3729,8.78274,0
167,264,256,97,62.22,141.19,1,15.1342,11.0833,0
167,265,417,106,68.041,154.4,1,11.5798,6.49722,0
167,262,380,116,62.22,141.19,1,11.9667,7.24821,0
167,266,100,116,74.286,168.57,1,7.66759,7.76987,0
168,262,380,116,62.22,141.19,1,11.9667,7.24821,0
168,260,176,85,68.041,154.4,1,14.7478,12.0434,0
168,264,249,85,68.041,154.4,1,14.9194,10.9994,0
168,265,417,106,68.041,154.4,1,11.5798,6.49722,0
168,254,331,115,56.877,129.07,1,14.0966,9.30282,0
168,267,111,104,74.286,168.57,1,9.15585,8.77653,0
169,268,123,104,74.286,168.57,1,9.19451,8.64642,0
169,262,375,106,68.041,154.4,1,11.5029,6.9909,0
169,265,417,106,68.041,154.4,1,11.5798,6.49722,0
169,264,249,85,68.041,154.4,1,14.9194,10.9994,0
169,269,322,107,62.22,141.19,1,13.3526,8.91216,0
169,260,179,97,62.22,141.19,1,14.9557,12.195,0
170,269,322,107,62.22,141.19,1,13.3526,8.91216,0
170,260,176,85,68.041,154.4,1,14.7478,12.0434,0
170,264,249,95,68.041,154.4,1,13.0213,9.7001,0
170,262,375,106,68.041,154.4,1,11.5029,6.9909,0
170,265,417,106,68.041,154.4,1,11.5798,6.49722,0
170,268,123,104,74.286,168.57,1,9.19451,8.64642,0
171,268,123,104,74.286,168.57,1,9.19451,8.64642,0
171,265,417,106,68.041,154.4,1,11.5798,6.49722,0
171,270,180,81,74.286,168.57,1,12.855,10.5581,0
171,271,246,97,62.22,141.19,1,15.1124,11.2265,0
171,269,322,107,62.22,141.19,1,13.3526,8.91216,0
171,272,401,181,33.548,76.129,1,11.978,7.17611,0
172,273,129,149,56.877,129.07,1,8.43271,8.10535,0
172,274,396,181,33.548,76.129,1,11.9686,7.2362,0
172,269,322,107,62.22,141.19,1,13.3526,8.91216,0
172,271,246,97,62.22,141.19,1,15.1124,11.2265,0
172,275,176,85,68.041,154.4,1,14.7478,12.0434,0
172,265,417,106,68.041,154.4,1,11.5798,6.49722,0
173,275,176,85,68.041,154.4,1,14.7478,12.0434,0
173,269,322,107,62.22,141.19,1,13.3526,8.91216,0
173,276,123,116,68.041,154.4,1,9.44846,8.87989,0
173,277,423,109,43.854,99.515,1,23.4007,13.5817,0
173,271,246,97,62.22,141.19,1,15.1124,11.2265,0
173,274,396,181,33.548,76.129,1,11.9686,7.2362,0
174,278,375,106,68.041,154.4,1,11.5029,6.9909,0
174,279,430,145,52.0,118.0,1,11.1469,6.17993,0
174,280,134,116,68.041,154.4,1,9.48329,8.75882,0
174,269,322,107,62.22,141.19,1,13.3526,8.91216,0
174,271,246,97,62.22,141.19,1,15.1124,11.2265,0
174,277,423,109,43.854,99.515,1,23.4007,13.5817,0
174,275,176,85,68.041,154.4,1,14.7478,12.0434,0
175,275,176,85,68.041,154.4,1,14.7478,12.0434,0
175,269,322,107,62.22,141.19,1,13.3526,8.91216,0
175,271,246,97,62.22,141.19,1,15.1124,11.2265,0
175,281,370,116,62.22,141.19,1,11.9476,7.36837,0
175,282,142,153,52.0,118.0,1,9.35074,8.65868,0
175,283,417,116,68.041,154.4,1,10.1707,5.66856,0
176,284,423,109,43.854,99.515,1,23.4007,13.5817,0
176,281,370,116,62.22,141.19,1,11.9476,7.36837,0
176,282,138,149,56.877,129.07,1,8.46152,8.01235,0
176,275,176,85,68.041,154.4,1,14.7478,12.0434,0
176,269,322,107,62.22,141.19,1,13.3526,8.91216,0
176,271,246,97,62.22,141.19,1,15.1124,11.2265,0
177,285,417,104,47.893,108.68,1,22.0695,12.8689,0
177,286,249,95,68.041,154.4,1,13.0213,9.7001,0
177,287,141,136,62.22,141.19,1,8.60197,8.04188,0
177,269,322,107,62.22,141.19,1,13.3526,8.91216,0
177,281,370,116,62.22,141.19,1,11.9476,7.36837,0
177,275,179,97,62.22,141.19,1,14.9557,12.195,0
178,275,176,85,68.041,154.4,1,14.7478,12.0434,0
178,288,312,95,68.041,154.4,1,13.1616,8.88847,0
178,289,374,145,52.0,118.0,1,11.043,6.82375,0
178,287,141,136,62.22,141.19,1,8.60197,8.04188,0
178,290,403,88,80.0,181.54,1,10.2894,5.83508,0
178,291,239,95,68.041,154.4,1,12.9974,9.82951,0
179,292,170,68,86.667,196.67,1,10.4496,8.86919,0
179,293,383,191,30.847,69.999,1,11.4815,7.12008,0
179,290,403,88,80.0,181.54,1,10.2894,5.83508,0
179,291,246,97,62.22,141.19,1,15.1124,11.2265,0
179,288,313,107,62.22,141.19,1,13.334,9.02871,0
179,294,146,104,74.286,168.57,1,9.26642,8.39761,0
