1,-1,392,176,150.44677734375,237.59608459472656,94.03691291809082,-1,-1,-1
1,-1,270,198,112.6112060546875,187.821044921875,92.22937822341919,-1,-1,-1
1,-1,65,156,86.1485595703125,283.2288818359375,87.27803826332092,-1,-1,-1
1,-1,203,204,53.99989318847656,140.76666259765625,86.41663193702698,-1,-1,-1
1,-1,132,197,78.15719604492188,166.95263671875,65.42966365814209,-1,-1,-1
1,-1,169,201,47.582000732421875,148.27764892578125,59.21893119812012,-1,-1,-1
1,-1,553,207,18.3521728515625,35.028045654296875,40.95362722873688,-1,-1,-1
2,-1,392,177,152.88754272460938,238.28570556640625,94.1634476184845,-1,-1,-1
2,-1,269,195,108.52813720703125,191.16705322265625,91.93986654281616,-1,-1,-1
2,-1,68,154,100.64085388183594,286.529541015625,87.286376953125,-1,-1,-1
2,-1,208,203,47.699462890625,142.44482421875,79.78222370147705,-1,-1,-1
2,-1,175,203,50.510009765625,152.04917907714844,74.54832792282104,-1,-1,-1
2,-1,140,203,67.01156616210938,163.73297119140625,59.11243557929993,-1,-1,-1
2,-1,551,205,19.8408203125,33.834136962890625,35.67771911621094,-1,-1,-1
3,-1,395,176,155.01205444335938,239.30902099609375,94.23192739486694,-1,-1,-1
3,-1,71,156,112.99588012695312,284.65777587890625,87.56229281425476,-1,-1,-1
3,-1,270,192,99.96514892578125,194.168212890625,85.26326417922974,-1,-1,-1
3,-1,217,203,40.75651550292969,142.0587158203125,77.49135494232178,-1,-1,-1
3,-1,176,203,56.9744873046875,146.58642578125,70.80344557762146,-1,-1,-1
3,-1,146,207,63.29815673828125,158.4229736328125,57.27813243865967,-1,-1,-1
3,-1,551,206,20.231689453125,32.006805419921875,38.27202320098877,-1,-1,-1
3,-1,354,212,21.4862060546875,27.9068603515625,26.90196931362152,-1,-1,-1
4,-1,405,177,146.88519287109375,239.24171447753906,94.12646293640137,-1,-1,-1
4,-1,270,191,85.03179931640625,193.93157958984375,90.38361310958862,-1,-1,-1
4,-1,73,157,133.907958984375,281.67596435546875,86.50583624839783,-1,-1,-1
4,-1,181,203,59.56048583984375,145.39605712890625,78.11626195907593,-1,-1,-1
4,-1,224,204,37.48931884765625,136.5609130859375,74.620121717453,-1,-1,-1
4,-1,73,210,29.555633544921875,83.06527709960938,51.98146104812622,-1,-1,-1
4,-1,155,216,63.084625244140625,140.70274353027344,40.35056829452515,-1,-1,-1
4,-1,552,205,19.6636962890625,34.325714111328125,39.14141654968262,-1,-1,-1
4,-1,354,212,21.23785400390625,27.98126220703125,26.578348875045776,-1,-1,-1
5,-1,413,177,140.64712524414062,239.4888916015625,94.24595236778259,-1,-1,-1
5,-1,73,161,147.31417846679688,280.7442626953125,90.32963514328003,-1,-1,-1
5,-1,263,187,78.526611328125,199.525146484375,88.37544918060303,-1,-1,-1
5,-1,183,205,58.832489013671875,143.8979949951172,79.96447086334229,-1,-1,-1
5,-1,230,203,36.92509460449219,141.79534912109375,72.99296259880066,-1,-1,-1
5,-1,71,211,24.402984619140625,79.67294311523438,60.78062057495117,-1,-1,-1
5,-1,538,203,33.2838134765625,29.62835693359375,41.306617856025696,-1,-1,-1
5,-1,159,212,51.118408203125,143.9150390625,39.1076534986496,-1,-1,-1
6,-1,426,174,129.447021484375,241.4920654296875,93.37605237960815,-1,-1,-1
6,-1,72,167,155.09649658203125,277.125,91.08641743659973,-1,-1,-1
6,-1,262,186,63.4669189453125,201.059326171875,88.11413645744324,-1,-1,-1
6,-1,192,206,53.864349365234375,143.9434051513672,76.93279385566711,-1,-1,-1
6,-1,235,203,33.082794189453125,141.39984130859375,74.70141649246216,-1,-1,-1
6,-1,71,211,29.938400268554688,82.65631103515625,51.00432634353638,-1,-1,-1
6,-1,538,204,32.376220703125,27.780731201171875,31.272584199905396,-1,-1,-1
6,-1,355,212,20.878662109375,28.205169677734375,31.266257166862488,-1,-1,-1
7,-1,443,174,111.66159057617188,242.4065399169922,92.60393381118774,-1,-1,-1
7,-1,72,158,166.6611328125,284.80010986328125,91.24354124069214,-1,-1,-1
7,-1,248,192,62.02891540527344,194.9506378173828,82.5277030467987,-1,-1,-1
7,-1,194,206,51.36328125,144.84564208984375,70.19239068031311,-1,-1,-1
7,-1,72,212,23.51123046875,35.03472900390625,47.16716706752777,-1,-1,-1
7,-1,234,203,33.52642822265625,144.1575164794922,44.50183808803558,-1,-1,-1
7,-1,538,204,32.4376220703125,28.73760986328125,38.13769817352295,-1,-1,-1
7,-1,355,212,20.0296630859375,28.437225341796875,36.56701445579529,-1,-1,-1
7,-1,328,212,21.412109375,22.749908447265625,28.759407997131348,-1,-1,-1
7,-1,553,206,18.1229248046875,37.04248046875,25.869274139404297,-1,-1,-1
8,-1,463,168,86.84811401367188,254.10215759277344,92.65735745429993,-1,-1,-1
8,-1,79,162,167.599853515625,281.6600341796875,92.3303484916687,-1,-1,-1
8,-1,243,185,61.61566162109375,203.85711669921875,86.29968762397766,-1,-1,-1
8,-1,195,204,53.03936767578125,148.9635467529297,73.35426807403564,-1,-1,-1
8,-1,72,212,24.301315307617188,63.800872802734375,47.64390587806702,-1,-1,-1
8,-1,542,204,29.3115234375,37.148223876953125,30.446717143058777,-1,-1,-1
8,-1,328,212,21.333984375,22.83135986328125,28.857094049453735,-1,-1,-1
8,-1,355,211,19.86962890625,27.9482421875,26.659736037254333,-1,-1,-1
9,-1,482,168,70.95724487304688,252.660888671875,91.90049171447754,-1,-1,-1
9,-1,91,158,155.4820556640625,284.560546875,90.45502543449402,-1,-1,-1
9,-1,237,188,71.336181640625,199.7336883544922,87.25099563598633,-1,-1,-1
9,-1,72,212,23.834854125976562,41.552001953125,53.67501378059387,-1,-1,-1
9,-1,200,206,41.093231201171875,138.28515625,51.453542709350586,-1,-1,-1
9,-1,552,205,19.0579833984375,41.933685302734375,37.97159194946289,-1,-1,-1
9,-1,401,196,17.904296875,32.161376953125,36.68167591094971,-1,-1,-1
9,-1,327,212,22.4737548828125,22.645050048828125,35.064420104026794,-1,-1,-1
9,-1,355,212,19.469482421875,28.3675537109375,33.880066871643066,-1,-1,-1
9,-1,540,204,31.10888671875,28.913177490234375,29.454714059829712,-1,-1,-1
10,-1,485,164,74.0814208984375,258.61114501953125,91.66007041931152,-1,-1,-1
10,-1,100,156,148.80319213867188,288.9219970703125,90.54369926452637,-1,-1,-1
10,-1,224,188,86.6357421875,196.80494689941406,84.83489751815796,-1,-1,-1
10,-1,72,212,23.929580688476562,42.58819580078125,62.480854988098145,-1,-1,-1
10,-1,551,205,19.400634765625,44.8121337890625,40.82405865192413,-1,-1,-1
10,-1,396,197,21.0606689453125,30.13104248046875,33.1922173500061,-1,-1,-1
10,-1,207,206,29.332366943359375,49.5540771484375,28.393462300300598,-1,-1,-1
10,-1,354,212,21.05926513671875,28.75665283203125,26.757991313934326,-1,-1,-1
10,-1,327,212,22.01226806640625,22.71539306640625,26.334798336029053,-1,-1,-1
11,-1,494,165,78.4320068359375,256.53515625,92.87334680557251,-1,-1,-1
11,-1,117,154,130.0025634765625,289.4796142578125,90.48299789428711,-1,-1,-1
11,-1,223,193,81.6005859375,190.73345947265625,79.86029386520386,-1,-1,-1
11,-1,72,211,23.461456298828125,36.455078125,59.53025817871094,-1,-1,-1
11,-1,262,206,57.15087890625,138.5166015625,44.154855608940125,-1,-1,-1
11,-1,355,212,19.19866943359375,28.39288330078125,29.34756577014923,-1,-1,-1
11,-1,550,205,21.58203125,45.339202880859375,26.922687888145447,-1,-1,-1
12,-1,498,165,89.502685546875,259.9400634765625,90.51681756973267,-1,-1,-1
12,-1,132,157,115.63986206054688,284.67041015625,82.41949677467346,-1,-1,-1
12,-1,222,193,80.01434326171875,189.599365234375,82.25373029708862,-1,-1,-1
12,-1,269,208,50.22247314453125,134.9497528076172,72.7647602558136,-1,-1,-1
12,-1,72,212,24.273086547851562,39.49285888671875,55.733442306518555,-1,-1,-1
12,-1,355,212,19.80413818359375,28.9296875,37.36121952533722,-1,-1,-1
12,-1,328,212,18.52423095703125,21.103302001953125,29.159459471702576,-1,-1,-1
13,-1,501,166,120.26846313476562,255.35546875,90.64843654632568,-1,-1,-1
13,-1,270,209,49.3779296875,134.9444580078125,84.20223593711853,-1,-1,-1
13,-1,161,150,94.124267578125,291.9605712890625,82.59221315383911,-1,-1,-1
13,-1,225,194,74.59959411621094,188.89825439453125,82.54729509353638,-1,-1,-1
13,-1,72,211,24.92401123046875,40.016998291015625,53.04427146911621,-1,-1,-1
13,-1,354,211,20.32843017578125,29.548431396484375,33.33160877227783,-1,-1,-1
13,-1,327,212,21.65814208984375,23.0987548828125,27.788203954696655,-1,-1,-1
14,-1,504,171,131.8590087890625,249.60340881347656,93.25618743896484,-1,-1,-1
14,-1,268,203,51.73394775390625,141.4099578857422,83.92009735107422,-1,-1,-1
14,-1,169,153,96.89610290527344,286.4608154296875,76.05449557304382,-1,-1,-1
14,-1,71,212,24.252685546875,43.46942138671875,53.21618318557739,-1,-1,-1
14,-1,232,199,65.3463134765625,177.521484375,39.98046517372131,-1,-1,-1
14,-1,386,197,26.34576416015625,36.45452880859375,39.03015851974487,-1,-1,-1
14,-1,353,212,20.40924072265625,29.03851318359375,35.41909158229828,-1,-1,-1
14,-1,327,212,21.01458740234375,23.2286376953125,32.949063181877136,-1,-1,-1
15,-1,507,172,131.627685546875,249.64825439453125,93.47008466720581,-1,-1,-1
15,-1,276,202,44.14727783203125,143.3458251953125,88.74822854995728,-1,-1,-1
15,-1,179,152,107.85719299316406,287.17633056640625,74.91458058357239,-1,-1,-1
15,-1,71,212,25.989105224609375,40.366729736328125,54.61478233337402,-1,-1,-1
15,-1,385,197,27.0137939453125,35.02667236328125,42.86040663719177,-1,-1,-1
15,-1,351,211,23.7864990234375,29.939697265625,39.58355188369751,-1,-1,-1
15,-1,170,185,42.898468017578125,186.24449157714844,28.697428107261658,-1,-1,-1
16,-1,508,171,131.37118530273438,252.06201171875,92.84442067146301,-1,-1,-1
16,-1,285,202,39.04510498046875,141.91912841796875,85.48656105995178,-1,-1,-1
16,-1,186,150,96.28834533691406,293.40625,84.16232466697693,-1,-1,-1
16,-1,72,212,24.446212768554688,42.68682861328125,59.87645983695984,-1,-1,-1
16,-1,355,212,18.56988525390625,29.1474609375,31.492799520492554,-1,-1,-1
16,-1,385,198,24.89813232421875,35.413116455078125,29.469934105873108,-1,-1,-1
16,-1,328,212,17.12921142578125,21.39068603515625,25.925490260124207,-1,-1,-1
17,-1,511,170,128.07241821289062,252.20947265625,93.84092688560486,-1,-1,-1
17,-1,192,153,101.1441650390625,293.20404052734375,85.77114343643188,-1,-1,-1
17,-1,292,200,37.04302978515625,145.2232666015625,85.74791550636292,-1,-1,-1
17,-1,72,211,24.447540283203125,40.419525146484375,55.29370903968811,-1,-1,-1
17,-1,352,211,21.94012451171875,29.49267578125,41.35129153728485,-1,-1,-1
17,-1,176,182,44.824066162109375,197.2044677734375,38.45930099487305,-1,-1,-1
18,-1,515,172,124.83453369140625,250.37445068359375,94.06197667121887,-1,-1,-1
18,-1,195,160,125.93260192871094,284.66455078125,88.61984014511108,-1,-1,-1
18,-1,296,203,38.94854736328125,141.47772216796875,86.66519522666931,-1,-1,-1
18,-1,176,188,46.02337646484375,197.0575408935547,67.46518611907959,-1,-1,-1
18,-1,72,212,25.35748291015625,41.35626220703125,53.99017930030823,-1,-1,-1
18,-1,382,198,14.65203857421875,39.817626953125,39.568111300468445,-1,-1,-1
18,-1,355,212,18.723388671875,28.495574951171875,31.913259625434875,-1,-1,-1
19,-1,521,173,118.071533203125,252.35968017578125,93.41718554496765,-1,-1,-1
19,-1,297,206,55.322509765625,140.3538818359375,90.53285121917725,-1,-1,-1
19,-1,195,156,141.45396423339844,289.842529296875,87.7873957157135,-1,-1,-1
19,-1,176,183,46.25103759765625,204.1888427734375,79.52162623405457,-1,-1,-1
19,-1,71,212,25.434677124023438,37.530853271484375,53.32053899765015,-1,-1,-1
19,-1,380,197,15.44207763671875,41.665771484375,38.02675008773804,-1,-1,-1
19,-1,356,212,15.64068603515625,28.682861328125,29.540833830833435,-1,-1,-1
20,-1,532,172,107.5089111328125,253.45497131347656,93.76943111419678,-1,-1,-1
20,-1,293,204,72.791259765625,141.60247802734375,90.86539149284363,-1,-1,-1
20,-1,196,160,142.6925048828125,291.6396484375,88.4692370891571,-1,-1,-1
20,-1,169,183,51.738128662109375,202.1392822265625,76.29833817481995,-1,-1,-1
20,-1,71,211,24.8575439453125,42.867584228515625,53.3322811126709,-1,-1,-1
20,-1,0,170,18.809303283691406,228.07568359375,52.78857350349426,-1,-1,-1
20,-1,377,199,16.72222900390625,41.54473876953125,40.2181476354599,-1,-1,-1
20,-1,355,213,16.3953857421875,28.964141845703125,29.6408474445343,-1,-1,-1
20,-1,498,206,22.250396728515625,28.535736083984375,28.47597301006317,-1,-1,-1
21,-1,543,169,96.247314453125,256.4415283203125,91.51419997215271,-1,-1,-1
21,-1,297,206,74.40576171875,138.3487548828125,88.55051398277283,-1,-1,-1
21,-1,200,159,152.51220703125,290.1888427734375,88.3038878440857,-1,-1,-1
21,-1,160,183,60.520233154296875,204.2584228515625,79.26118969917297,-1,-1,-1
21,-1,0,171,22.07599639892578,232.4658203125,63.80090117454529,-1,-1,-1
21,-1,72,211,24.241851806640625,37.2967529296875,55.14463186264038,-1,-1,-1
21,-1,376,198,15.60906982421875,41.32574462890625,35.780030488967896,-1,-1,-1
21,-1,355,212,16.362548828125,29.565338134765625,26.863092184066772,-1,-1,-1
21,-1,499,208,21.6820068359375,27.666351318359375,26.032808423042297,-1,-1,-1
22,-1,202,159,155.2593994140625,293.156494140625,92.19983220100403,-1,-1,-1
22,-1,305,207,69.96234130859375,137.4132080078125,88.76814246177673,-1,-1,-1
22,-1,557,166,82.08868408203125,257.35931396484375,88.66273164749146,-1,-1,-1
22,-1,153,180,61.760833740234375,208.51751708984375,81.87520503997803,-1,-1,-1
22,-1,0,166,28.21368408203125,248.67120361328125,75.97551345825195,-1,-1,-1
22,-1,72,212,24.347763061523438,40.483428955078125,49.54728186130524,-1,-1,-1
22,-1,210,193,51.15422058105469,169.97071838378906,39.97683823108673,-1,-1,-1
22,-1,499,207,22.279571533203125,28.209197998046875,35.20771861076355,-1,-1,-1
22,-1,539,206,30.7823486328125,27.514404296875,25.321105122566223,-1,-1,-1
23,-1,207,163,157.9212646484375,292.02215576171875,88.45030069351196,-1,-1,-1
23,-1,143,182,63.7421875,204.99908447265625,87.8550112247467,-1,-1,-1
23,-1,578,162,61.2197265625,265.715087890625,86.97879314422607,-1,-1,-1
23,-1,315,208,63.1544189453125,135.7474365234375,84.66033935546875,-1,-1,-1
23,-1,0,173,28.916080474853516,241.36077880859375,84.44721698760986,-1,-1,-1
23,-1,71,212,25.644256591796875,41.77691650390625,53.91125679016113,-1,-1,-1
23,-1,218,192,51.28077697753906,174.42462158203125,52.011072635650635,-1,-1,-1
23,-1,499,206,21.104095458984375,28.74822998046875,29.830604791641235,-1,-1,-1
24,-1,594,155,45.6495361328125,270.2371826171875,90.5376136302948,-1,-1,-1
24,-1,125,183,82.44855499267578,204.23931884765625,89.88820314407349,-1,-1,-1
24,-1,221,162,147.73565673828125,292.71734619140625,86.75951361656189,-1,-1,-1
24,-1,0,172,32.90940856933594,245.13800048828125,86.34235858917236,-1,-1,-1
24,-1,322,207,54.77972412109375,138.68304443359375,79.1412353515625,-1,-1,-1
24,-1,232,188,51.8951416015625,179.08953857421875,54.070812463760376,-1,-1,-1
24,-1,71,211,25.864303588867188,42.00177001953125,48.31622838973999,-1,-1,-1
24,-1,208,200,28.16424560546875,47.128143310546875,38.94776701927185,-1,-1,-1
25,-1,98,183,109.22930908203125,203.7318115234375,92.02234148979187,-1,-1,-1
25,-1,0,177,41.4847297668457,238.6195068359375,88.24424147605896,-1,-1,-1
25,-1,598,158,41.3695068359375,264.89300537109375,87.16310262680054,-1,-1,-1
25,-1,238,164,128.05226135253906,291.461669921875,81.09665513038635,-1,-1,-1
25,-1,331,208,46.84649658203125,137.067138671875,78.62019538879395,-1,-1,-1
25,-1,229,183,73.05061340332031,180.8565673828125,55.09843826293945,-1,-1,-1
25,-1,206,197,29.46661376953125,46.894622802734375,51.18205547332764,-1,-1,-1
25,-1,72,212,25.625411987304688,43.704620361328125,49.4509756565094,-1,-1,-1
25,-1,499,206,20.204681396484375,29.20843505859375,27.97611355781555,-1,-1,-1
25,-1,540,207,30.5286865234375,26.70904541015625,26.449930667877197,-1,-1,-1
26,-1,83,184,125.28353881835938,202.531982421875,92.96253323554993,-1,-1,-1
26,-1,0,172,45.37400817871094,241.45184326171875,89.69815373420715,-1,-1,-1
26,-1,257,155,106.833740234375,300.97601318359375,82.15230703353882,-1,-1,-1
26,-1,338,205,42.3934326171875,139.35589599609375,80.79960942268372,-1,-1,-1
26,-1,605,153,34.0072021484375,274.7696533203125,77.42192149162292,-1,-1,-1
26,-1,233,187,72.50242614746094,184.144287109375,58.862000703811646,-1,-1,-1
26,-1,204,197,29.542388916015625,47.268463134765625,53.691887855529785,-1,-1,-1
26,-1,71,212,25.857086181640625,42.902984619140625,52.678996324539185,-1,-1,-1
27,-1,77,186,131.87692260742188,201.6436767578125,93.28867197036743,-1,-1,-1
27,-1,0,175,50.23211669921875,240.666748046875,86.70468926429749,-1,-1,-1
27,-1,279,158,95.36865234375,295.22119140625,80.83984851837158,-1,-1,-1
27,-1,614,169,24.40771484375,254.36614990234375,70.14153599739075,-1,-1,-1
27,-1,236,190,74.57585144042969,179.65113830566406,56.609129905700684,-1,-1,-1
27,-1,347,196,35.21826171875,149.90069580078125,52.138495445251465,-1,-1,-1
27,-1,174,214,23.933837890625,32.20025634765625,48.39535057544708,-1,-1,-1
27,-1,205,201,27.529296875,44.195404052734375,45.83002030849457,-1,-1,-1
27,-1,71,212,25.885772705078125,64.03610229492188,41.52560830116272,-1,-1,-1
28,-1,77,186,130.3089599609375,200.841552734375,93.22156310081482,-1,-1,-1
28,-1,0,172,59.971473693847656,242.98553466796875,86.55636310577393,-1,-1,-1
28,-1,300,159,83.71295166015625,292.6634521484375,84.35580730438232,-1,-1,-1
28,-1,234,188,81.24220275878906,181.9942626953125,72.93798923492432,-1,-1,-1
28,-1,616,187,22.8682861328125,235.52581787109375,54.70936298370361,-1,-1,-1
28,-1,70,211,28.780029296875,81.34245300292969,49.411556124687195,-1,-1,-1
28,-1,199,196,32.751800537109375,46.995361328125,44.15814280509949,-1,-1,-1
28,-1,172,212,25.27587890625,33.140289306640625,40.52722454071045,-1,-1,-1
28,-1,70,211,26.406631469726562,39.346832275390625,28.29517424106598,-1,-1,-1
28,-1,353,205,33.79986572265625,126.02085876464844,27.95623242855072,-1,-1,-1
29,-1,71,185,134.57809448242188,202.1124267578125,93.9801812171936,-1,-1,-1
29,-1,0,171,68.10276794433594,243.1216583251953,87.56241798400879,-1,-1,-1
29,-1,299,153,94.65911865234375,299.63739013671875,85.34954786300659,-1,-1,-1
29,-1,240,197,76.75567626953125,174.12815856933594,61.04117035865784,-1,-1,-1
29,-1,70,211,27.982162475585938,64.38461303710938,50.75192451477051,-1,-1,-1
29,-1,208,212,24.093170166015625,31.18682861328125,44.00297999382019,-1,-1,-1
29,-1,176,212,23.401458740234375,34.6907958984375,39.56019878387451,-1,-1,-1
29,-1,196,194,20.0064697265625,45.453460693359375,35.46713888645172,-1,-1,-1
29,-1,256,192,36.713623046875,77.2568359375,31.36906623840332,-1,-1,-1
29,-1,500,206,19.887847900390625,28.640472412109375,25.984948873519897,-1,-1,-1
29,-1,539,206,31.3875732421875,26.39776611328125,25.868088006973267,-1,-1,-1
30,-1,74,184,126.88351440429688,202.89044189453125,92.6211416721344,-1,-1,-1
30,-1,1,177,73.60812377929688,236.544921875,90.11860489845276,-1,-1,-1
30,-1,303,156,100.522216796875,297.4290771484375,87.22781538963318,-1,-1,-1
30,-1,245,203,75.54353332519531,168.20452880859375,55.83929419517517,-1,-1,-1
30,-1,208,213,23.39178466796875,30.7578125,46.941936016082764,-1,-1,-1
30,-1,256,192,37.61669921875,77.17276000976562,43.186649680137634,-1,-1,-1
30,-1,71,211,24.172317504882812,37.10272216796875,42.09187030792236,-1,-1,-1
30,-1,194,195,21.033172607421875,46.300994873046875,38.3846640586853,-1,-1,-1
30,-1,174,212,24.090789794921875,33.366668701171875,25.773736834526062,-1,-1,-1
31,-1,2,176,83.75117492675781,237.45916748046875,91.42391681671143,-1,-1,-1
31,-1,79,184,115.33468627929688,198.98516845703125,90.61930775642395,-1,-1,-1
31,-1,305,159,114.7677001953125,297.1156005859375,89.95736241340637,-1,-1,-1
31,-1,249,208,75.737548828125,165.14112854003906,51.91053748130798,-1,-1,-1
31,-1,261,192,36.92950439453125,78.67094421386719,43.728455901145935,-1,-1,-1
31,-1,207,213,23.904876708984375,31.042755126953125,42.18489229679108,-1,-1,-1
31,-1,190,196,22.6324462890625,47.13275146484375,35.7892781496048,-1,-1,-1
31,-1,71,211,23.634933471679688,33.756683349609375,31.090840697288513,-1,-1,-1
32,-1,307,159,134.22015380859375,297.848876953125,91.42072796821594,-1,-1,-1
32,-1,3,173,105.3521957397461,242.0603485107422,91.14375114440918,-1,-1,-1
32,-1,80,186,103.78939819335938,201.00164794921875,87.23860383033752,-1,-1,-1
32,-1,248,203,87.20423889160156,168.7845916748047,76.915842294693,-1,-1,-1
32,-1,71,211,24.712310791015625,74.43879699707031,37.663063406944275,-1,-1,-1
32,-1,179,197,33.182098388671875,48.0860595703125,35.42374670505524,-1,-1,-1
32,-1,249,220,57.92413330078125,111.83970642089844,25.592371821403503,-1,-1,-1
33,-1,306,157,158.6038818359375,298.8167724609375,91.8989360332489,-1,-1,-1
33,-1,3,177,123.90144348144531,238.57513427734375,88.09049725532532,-1,-1,-1
33,-1,79,178,91.23773193359375,210.9615478515625,76.11349821090698,-1,-1,-1
33,-1,257,199,83.38836669921875,172.1097412109375,58.37697982788086,-1,-1,-1
33,-1,182,199,30.950103759765625,46.0677490234375,35.46692132949829,-1,-1,-1
34,-1,307,162,162.19873046875,294.44097900390625,92.69635677337646,-1,-1,-1
34,-1,3,180,140.48690795898438,236.38458251953125,87.95210123062134,-1,-1,-1
34,-1,77,176,78.87451171875,215.55714416503906,69.26304697990417,-1,-1,-1
34,-1,267,198,82.1348876953125,168.73468017578125,57.82262682914734,-1,-1,-1
34,-1,180,198,31.66864013671875,46.663177490234375,43.79855990409851,-1,-1,-1
35,-1,314,160,166.9034423828125,297.55035400390625,91.71316027641296,-1,-1,-1
35,-1,5,177,138.90757751464844,237.9445037841797,90.49444198608398,-1,-1,-1
35,-1,290,206,64.959716796875,153.35662841796875,65.39562940597534,-1,-1,-1
35,-1,178,199,33.709625244140625,46.677490234375,44.438108801841736,-1,-1,-1
35,-1,258,198,64.24755859375,164.9541015625,27.483835816383362,-1,-1,-1
36,-1,6,176,143.95803833007812,240.97418212890625,92.17026233673096,-1,-1,-1
36,-1,320,160,171.7552490234375,300.17041015625,92.02347993850708,-1,-1,-1
36,-1,291,205,68.9801025390625,163.9974365234375,53.64959239959717,-1,-1,-1
36,-1,182,201,28.17132568359375,44.006011962890625,29.649773240089417,-1,-1,-1
36,-1,285,196,30.36431884765625,67.99397277832031,27.381467819213867,-1,-1,-1
37,-1,330,158,161.2554931640625,302.62835693359375,93.07660460472107,-1,-1,-1
37,-1,8,177,144.3642578125,242.2471923828125,88.46063017845154,-1,-1,-1
37,-1,295,207,66.6705322265625,163.53271484375,64.93330597877502,-1,-1,-1
37,-1,179,200,31.2042236328125,45.182830810546875,39.261260628700256,-1,-1,-1
37,-1,286,197,37.9603271484375,68.27180480957031,26.447105407714844,-1,-1,-1
37,-1,62,178,25.124313354492188,36.739166259765625,25.19654631614685,-1,-1,-1
38,-1,341,158,150.6533203125,303.0760498046875,91.96675419807434,-1,-1,-1
38,-1,18,173,133.73910522460938,245.435791015625,82.23787546157837,-1,-1,-1
38,-1,285,198,82.712646484375,172.82684326171875,68.92927289009094,-1,-1,-1
38,-1,178,201,30.9049072265625,44.463134765625,33.705538511276245,-1,-1,-1
39,-1,359,157,130.206298828125,302.5126953125,88.19403052330017,-1,-1,-1
39,-1,31,175,120.87490844726562,239.62744140625,80.58178424835205,-1,-1,-1
39,-1,288,205,93.4111328125,166.5505828857422,75.02320408821106,-1,-1,-1
39,-1,298,196,32.78009033203125,67.34225463867188,39.62606191635132,-1,-1,-1
39,-1,35,175,56.68804168701172,202.51129150390625,37.456902861595154,-1,-1,-1
39,-1,177,201,32.286712646484375,44.04278564453125,33.358293771743774,-1,-1,-1
40,-1,379,154,108.72589111328125,302.7764892578125,86.2036406993866,-1,-1,-1
40,-1,295,208,91.49224853515625,165.25250244140625,83.2082450389862,-1,-1,-1
40,-1,41,174,111.61253356933594,241.9044189453125,81.06240630149841,-1,-1,-1
40,-1,11,180,87.60985565185547,220.9647674560547,74.46672916412354,-1,-1,-1
40,-1,302,195,33.88079833984375,68.36909484863281,53.743112087249756,-1,-1,-1
40,-1,174,198,33.16314697265625,46.635498046875,27.306273579597473,-1,-1,-1
41,-1,402,156,87.9879150390625,297.2083740234375,87.23531365394592,-1,-1,-1
41,-1,300,206,92.7718505859375,167.70452880859375,84.44671630859375,-1,-1,-1
41,-1,1,180,114.09558868408203,226.38702392578125,78.67562770843506,-1,-1,-1
41,-1,75,175,77.51581573486328,238.94677734375,77.30984091758728,-1,-1,-1
41,-1,164,199,42.097930908203125,46.240631103515625,49.42660629749298,-1,-1,-1
41,-1,304,195,35.30255126953125,68.98800659179688,44.57404613494873,-1,-1,-1
42,-1,0,181,122.07015991210938,228.2022705078125,86.62514686584473,-1,-1,-1
42,-1,412,156,90.39013671875,299.17376708984375,86.47624850273132,-1,-1,-1
42,-1,93,176,62.56517028808594,236.713134765625,80.11692762374878,-1,-1,-1
42,-1,301,210,94.21759033203125,162.82818603515625,73.67854118347168,-1,-1,-1
42,-1,306,195,37.60791015625,70.84912109375,33.742642402648926,-1,-1,-1
42,-1,173,210,30.132659912109375,35.99725341796875,33.00255239009857,-1,-1,-1
42,-1,538,206,32.0946044921875,27.49652099609375,26.37379765510559,-1,-1,-1
43,-1,0,180,108.26214599609375,218.58062744140625,92.17564463615417,-1,-1,-1
43,-1,100,167,62.914794921875,252.2696533203125,87.41640448570251,-1,-1,-1
43,-1,426,151,90.9970703125,300.23419189453125,84.62189435958862,-1,-1,-1
43,-1,304,210,93.18994140625,162.310302734375,79.26937937736511,-1,-1,-1
43,-1,415,193,37.771728515625,146.7310333251953,34.60769057273865,-1,-1,-1
43,-1,172,211,28.878814697265625,34.844818115234375,33.84673297405243,-1,-1,-1
44,-1,0,180,103.925537109375,215.83807373046875,91.33225679397583,-1,-1,-1
44,-1,430,150,94.6123046875,305.3961181640625,89.1331434249878,-1,-1,-1
44,-1,103,172,70.47354125976562,245.400146484375,87.11763620376587,-1,-1,-1
44,-1,308,208,89.05096435546875,164.16075134277344,68.35713386535645,-1,-1,-1
44,-1,416,195,40.79541015625,149.0477294921875,51.53517127037048,-1,-1,-1
44,-1,72,209,25.1641845703125,70.52243041992188,30.214187502861023,-1,-1,-1
44,-1,172,209,28.35491943359375,36.9241943359375,27.849632501602173,-1,-1,-1
44,-1,538,206,31.944091796875,27.466461181640625,26.42894983291626,-1,-1,-1
45,-1,0,182,95.59515380859375,214.73484802246094,91.65411591529846,-1,-1,-1
45,-1,433,153,99.27352905273438,306.890625,89.62057828903198,-1,-1,-1
45,-1,108,172,96.98007202148438,244.16802978515625,89.35356140136719,-1,-1,-1
45,-1,417,202,45.74615478515625,143.186279296875,66.9684648513794,-1,-1,-1
45,-1,314,203,81.40802001953125,170.02044677734375,64.09972310066223,-1,-1,-1
45,-1,72,212,24.166488647460938,58.59727478027344,37.63272166252136,-1,-1,-1
46,-1,108,178,113.33544158935547,238.03271484375,90.91448783874512,-1,-1,-1
46,-1,431,155,141.6103515625,304.63336181640625,89.36753273010254,-1,-1,-1
46,-1,0,182,82.44810485839844,212.05018615722656,89.15126919746399,-1,-1,-1
46,-1,317,203,74.11749267578125,168.3805389404297,64.4099771976471,-1,-1,-1
46,-1,420,199,51.77606201171875,147.5643310546875,43.984973430633545,-1,-1,-1
46,-1,71,212,27.105270385742188,73.410400390625,41.088128089904785,-1,-1,-1
46,-1,71,212,24.8408203125,35.093658447265625,32.27506875991821,-1,-1,-1
47,-1,107,177,128.78817749023438,238.96319580078125,91.31707549095154,-1,-1,-1
47,-1,430,155,156.126953125,304.816162109375,89.87951278686523,-1,-1,-1
47,-1,0,181,75.85408020019531,214.53192138671875,86.26618385314941,-1,-1,-1
47,-1,328,209,70.058837890625,163.32061767578125,66.28819704055786,-1,-1,-1
47,-1,426,203,56.12322998046875,144.78680419921875,58.0489456653595,-1,-1,-1
47,-1,71,212,26.556930541992188,66.90927124023438,40.77701270580292,-1,-1,-1
47,-1,309,195,57.97216796875,169.103759765625,25.963684916496277,-1,-1,-1
48,-1,433,155,162.38406372070312,305.178466796875,91.61421060562134,-1,-1,-1
48,-1,109,176,130.78598022460938,242.70787048339844,91.19043350219727,-1,-1,-1
48,-1,0,176,55.638671875,218.66419982910156,83.12759399414062,-1,-1,-1
48,-1,327,202,78.923095703125,170.7208251953125,53.63038182258606,-1,-1,-1
48,-1,72,212,25.208145141601562,39.41680908203125,45.7797110080719,-1,-1,-1
48,-1,432,202,60.2767333984375,142.52423095703125,45.06783485412598,-1,-1,-1
49,-1,114,179,130.28851318359375,242.1683349609375,91.20973348617554,-1,-1,-1
49,-1,440,156,163.548583984375,302.387939453125,89.82735276222229,-1,-1,-1
49,-1,0,173,34.798179626464844,215.54396057128906,83.84600877761841,-1,-1,-1
49,-1,440,206,56.967041015625,140.15521240234375,72.57809042930603,-1,-1,-1
49,-1,314,202,100.2818603515625,169.062255859375,52.36217379570007,-1,-1,-1
49,-1,72,212,24.922210693359375,36.009765625,50.500255823135376,-1,-1,-1
50,-1,115,181,132.68142700195312,241.68310546875,92.05223321914673,-1,-1,-1
50,-1,444,157,164.0794677734375,303.2139892578125,87.3151183128357,-1,-1,-1
50,-1,454,207,49.2064208984375,138.021240234375,81.47153854370117,-1,-1,-1
50,-1,0,179,27.593658447265625,213.05596923828125,77.73652076721191,-1,-1,-1
50,-1,366,208,53.588623046875,155.16473388671875,65.07725715637207,-1,-1,-1
50,-1,72,211,25.060638427734375,38.953399658203125,53.32186818122864,-1,-1,-1
50,-1,314,201,96.6522216796875,169.12359619140625,46.14148736000061,-1,-1,-1
50,-1,49,206,19.33022689819336,26.3800048828125,26.81003510951996,-1,-1,-1
51,-1,457,158,150.4517822265625,303.89190673828125,91.0021722316742,-1,-1,-1
51,-1,131,179,117.73379516601562,243.30340576171875,88.92066478729248,-1,-1,-1
51,-1,467,204,39.85699462890625,143.16131591796875,76.03245973587036,-1,-1,-1
51,-1,0,199,24.895647048950195,194.2845001220703,68.07708740234375,-1,-1,-1
51,-1,360,205,62.22119140625,162.90086364746094,61.53290867805481,-1,-1,-1
51,-1,72,211,24.779998779296875,42.137359619140625,46.504393219947815,-1,-1,-1
51,-1,324,198,67.58795166015625,163.31105041503906,36.02002263069153,-1,-1,-1
52,-1,473,159,131.65658569335938,302.3736572265625,91.32488965988159,-1,-1,-1
52,-1,150,176,99.62899780273438,250.14117431640625,85.60307025909424,-1,-1,-1
52,-1,474,207,37.1812744140625,141.51771545410156,76.56236290931702,-1,-1,-1
52,-1,364,202,57.9140625,165.5931396484375,65.28977155685425,-1,-1,-1
52,-1,0,225,23.06904411315918,171.8511962890625,56.45524859428406,-1,-1,-1
52,-1,72,212,25.130386352539062,38.204315185546875,51.205068826675415,-1,-1,-1
52,-1,330,199,64.9459228515625,162.9559326171875,27.36160457134247,-1,-1,-1
53,-1,491,157,110.67996215820312,302.27789306640625,88.39158415794373,-1,-1,-1
53,-1,169,177,84.25473022460938,246.8488006591797,86.66998147964478,-1,-1,-1
53,-1,477,205,46.2852783203125,143.24102783203125,86.43268346786499,-1,-1,-1
53,-1,367,205,71.576416015625,168.446044921875,71.01072669029236,-1,-1,-1
53,-1,71,212,24.732025146484375,34.209991455078125,52.18229293823242,-1,-1,-1
53,-1,0,223,21.92302703857422,171.03529357910156,36.58827543258667,-1,-1,-1
53,-1,338,199,64.09136962890625,155.6337890625,27.40839123725891,-1,-1,-1
53,-1,353,195,37.1220703125,69.93965148925781,27.294838428497314,-1,-1,-1
54,-1,479,207,60.606414794921875,142.6119384765625,87.55177855491638,-1,-1,-1
54,-1,507,156,100.48703002929688,303.1671142578125,87.05641627311707,-1,-1,-1
54,-1,189,178,67.67597961425781,245.3653564453125,84.79609489440918,-1,-1,-1
54,-1,364,207,78.3170166015625,164.88555908203125,74.662184715271,-1,-1,-1
54,-1,71,212,24.885208129882812,38.894866943359375,50.98801851272583,-1,-1,-1
54,-1,0,318,21.11566162109375,79.12554931640625,45.540156960487366,-1,-1,-1
54,-1,343,200,59.6944580078125,147.8028564453125,31.07113242149353,-1,-1,-1
54,-1,154,206,26.8016357421875,36.626220703125,25.422948598861694,-1,-1,-1
55,-1,478,209,75.40603637695312,140.17518615722656,88.9336109161377,-1,-1,-1
55,-1,527,157,84.3853759765625,298.86981201171875,86.12015843391418,-1,-1,-1
55,-1,198,176,72.13102722167969,247.9737548828125,84.89206433296204,-1,-1,-1
55,-1,364,205,77.92742919921875,166.41424560546875,71.94591164588928,-1,-1,-1
55,-1,0,336,20.906234741210938,59.0379638671875,48.714131116867065,-1,-1,-1
55,-1,71,212,25.360488891601562,39.990875244140625,40.81507623195648,-1,-1,-1
55,-1,328,211,17.57537841796875,20.994110107421875,29.799821972846985,-1,-1,-1
55,-1,358,195,38.76666259765625,74.53843688964844,25.14283061027527,-1,-1,-1
56,-1,478,211,82.21810913085938,139.521728515625,87.07709908485413,-1,-1,-1
56,-1,207,174,77.843505859375,248.92022705078125,85.1733386516571,-1,-1,-1
56,-1,543,151,75.18212890625,305.7293701171875,82.81556367874146,-1,-1,-1
56,-1,360,204,83.843994140625,167.946044921875,63.097554445266724,-1,-1,-1
56,-1,72,212,24.968475341796875,35.309661865234375,58.34489464759827,-1,-1,-1
56,-1,174,213,21.695281982421875,34.5006103515625,40.328460931777954,-1,-1,-1
56,-1,0,342,20.357593536376953,52.593017578125,32.46431648731232,-1,-1,-1
56,-1,301,212,14.760009765625,28.35260009765625,28.12250554561615,-1,-1,-1
56,-1,326,211,17.923095703125,21.43890380859375,27.234792709350586,-1,-1,-1
57,-1,480,209,82.65908813476562,141.59588623046875,88.62273693084717,-1,-1,-1
57,-1,212,175,91.4842529296875,245.50428771972656,86.3280177116394,-1,-1,-1
57,-1,552,154,75.00537109375,301.594970703125,84.03327465057373,-1,-1,-1
57,-1,365,203,79.79608154296875,170.0167694091797,75.27525424957275,-1,-1,-1
57,-1,72,212,23.868255615234375,34.930694580078125,57.1175754070282,-1,-1,-1
57,-1,174,213,23.976318359375,33.124176025390625,49.632591009140015,-1,-1,-1
57,-1,352,210,18.40716552734375,30.92156982421875,34.19223129749298,-1,-1,-1
57,-1,327,211,20.2744140625,22.693939208984375,31.154173612594604,-1,-1,-1
57,-1,358,200,59.694091796875,130.42950439453125,25.262224674224854,-1,-1,-1
58,-1,483,210,80.68276977539062,140.72283935546875,89.63510394096375,-1,-1,-1
58,-1,552,150,87.2529296875,305.63275146484375,87.49632835388184,-1,-1,-1
58,-1,213,176,114.1884765625,249.5508575439453,85.27796864509583,-1,-1,-1
58,-1,371,202,74.56549072265625,172.2994384765625,71.63809537887573,-1,-1,-1
58,-1,72,212,24.234832763671875,33.88720703125,58.39529633522034,-1,-1,-1
58,-1,175,214,22.856231689453125,32.428009033203125,55.64778447151184,-1,-1,-1
58,-1,351,211,20.474609375,31.73785400390625,44.75444853305817,-1,-1,-1
58,-1,327,211,22.68255615234375,24.077545166015625,43.64546239376068,-1,-1,-1
58,-1,153,209,26.63134765625,33.294158935546875,33.65424871444702,-1,-1,-1
58,-1,302,212,20.4976806640625,24.38330078125,31.321963667869568,-1,-1,-1
58,-1,138,216,26.9169921875,26.19769287109375,29.074406623840332,-1,-1,-1
59,-1,208,178,140.008056640625,245.8594970703125,91.54773950576782,-1,-1,-1
59,-1,488,211,78.15158081054688,139.7706298828125,88.53320479393005,-1,-1,-1
59,-1,552,150,87.86151123046875,307.69427490234375,88.210129737854,-1,-1,-1
59,-1,388,205,57.1988525390625,164.5124053955078,54.63811159133911,-1,-1,-1
59,-1,175,215,22.986663818359375,30.965240478515625,52.37257480621338,-1,-1,-1
59,-1,72,212,24.872482299804688,40.373992919921875,46.972671151161194,-1,-1,-1
59,-1,351,211,19.91607666015625,30.79254150390625,42.26600527763367,-1,-1,-1
59,-1,136,213,22.777679443359375,29.8258056640625,37.74329125881195,-1,-1,-1
59,-1,158,214,28.56268310546875,29.966796875,34.31547284126282,-1,-1,-1
59,-1,328,211,21.73138427734375,24.3076171875,28.044140338897705,-1,-1,-1
59,-1,365,190,55.04644775390625,172.48931884765625,27.9802143573761,-1,-1,-1
60,-1,211,180,145.91578674316406,244.31768798828125,92.01470017433167,-1,-1,-1
60,-1,553,156,86.55902099609375,303.91204833984375,87.48570680618286,-1,-1,-1
60,-1,497,209,67.05093383789062,140.1077880859375,85.19206047058105,-1,-1,-1
60,-1,395,209,52.74298095703125,161.0911865234375,64.51717019081116,-1,-1,-1
60,-1,72,213,24.213836669921875,37.974395751953125,53.51573824882507,-1,-1,-1
60,-1,175,215,22.32757568359375,31.846893310546875,50.89631676673889,-1,-1,-1
60,-1,351,211,18.56280517578125,30.49591064453125,40.54879546165466,-1,-1,-1
60,-1,136,211,24.697265625,32.296783447265625,36.270564794540405,-1,-1,-1
60,-1,158,214,29.67523193359375,30.674041748046875,32.62372612953186,-1,-1,-1
60,-1,328,211,20.60223388671875,23.94268798828125,26.950359344482422,-1,-1,-1
60,-1,366,184,65.20111083984375,187.84368896484375,26.367202401161194,-1,-1,-1
61,-1,215,184,147.78680419921875,243.51385498046875,91.4904773235321,-1,-1,-1
61,-1,506,209,65.5517578125,140.63182067871094,87.59604692459106,-1,-1,-1
61,-1,554,153,85.72021484375,308.091552734375,84.8068118095398,-1,-1,-1
61,-1,402,208,51.8624267578125,162.840576171875,66.3878083229065,-1,-1,-1
61,-1,72,213,24.717697143554688,35.857879638671875,55.238789319992065,-1,-1,-1
61,-1,173,213,25.426055908203125,32.06915283203125,53.06385159492493,-1,-1,-1
61,-1,372,197,66.78851318359375,166.5316925048828,50.310224294662476,-1,-1,-1
61,-1,351,211,18.18304443359375,30.355560302734375,44.625577330589294,-1,-1,-1
61,-1,136,215,23.10150146484375,27.56072998046875,37.71832287311554,-1,-1,-1
61,-1,212,214,21.4171142578125,27.186065673828125,34.147000312805176,-1,-1,-1
61,-1,159,213,31.937408447265625,30.265625,29.63751256465912,-1,-1,-1
62,-1,224,184,142.21014404296875,244.53204345703125,91.62978529930115,-1,-1,-1
62,-1,555,159,84.76025390625,301.70037841796875,88.68013620376587,-1,-1,-1
62,-1,522,207,49.4866943359375,144.02764892578125,85.68999767303467,-1,-1,-1
62,-1,408,208,54.07855224609375,161.03594970703125,66.17674231529236,-1,-1,-1
62,-1,71,213,25.80023193359375,38.556793212890625,54.55670356750488,-1,-1,-1
62,-1,373,198,65.2486572265625,167.5455780029297,48.49795699119568,-1,-1,-1
62,-1,171,213,27.313140869140625,31.963104248046875,48.409441113471985,-1,-1,-1
62,-1,352,210,16.64923095703125,31.947265625,36.40175759792328,-1,-1,-1
62,-1,137,215,22.844512939453125,27.30853271484375,28.8134902715683,-1,-1,-1
63,-1,234,186,133.34918212890625,242.73651123046875,92.13173985481262,-1,-1,-1
63,-1,556,182,83.294921875,278.18878173828125,90.01210927963257,-1,-1,-1
63,-1,534,208,39.0572509765625,144.0772705078125,81.86702728271484,-1,-1,-1
63,-1,415,203,51.40570068359375,167.8057861328125,70.17436027526855,-1,-1,-1
63,-1,71,213,25.3271484375,37.99859619140625,47.507551312446594,-1,-1,-1
63,-1,374,201,66.55902099609375,163.4385986328125,46.7118114233017,-1,-1,-1
63,-1,170,213,28.643646240234375,32.069549560546875,44.75574493408203,-1,-1,-1
63,-1,353,210,15.1746826171875,31.015960693359375,32.160484790802,-1,-1,-1
64,-1,253,185,118.53343200683594,240.6834716796875,90.91360569000244,-1,-1,-1
64,-1,560,187,79.0845947265625,272.6422119140625,87.75062561035156,-1,-1,-1
64,-1,540,206,39.29443359375,144.16314697265625,85.60090661048889,-1,-1,-1
64,-1,417,212,59.12677001953125,161.49957275390625,75.48322677612305,-1,-1,-1
64,-1,71,213,26.504287719726562,41.170196533203125,52.225834131240845,-1,-1,-1
64,-1,375,203,69.63177490234375,160.357421875,44.26727592945099,-1,-1,-1
64,-1,170,213,27.9154052734375,32.366973876953125,40.598347783088684,-1,-1,-1
65,-1,276,181,92.3297119140625,245.42303466796875,90.36442637443542,-1,-1,-1
65,-1,541,204,46.1650390625,144.65716552734375,87.45589256286621,-1,-1,-1
65,-1,416,209,80.567138671875,164.60479736328125,80.04961013793945,-1,-1,-1
65,-1,569,191,70.1329345703125,271.501953125,62.650132179260254,-1,-1,-1
65,-1,72,213,25.085723876953125,36.1943359375,50.068020820617676,-1,-1,-1
65,-1,161,214,36.08135986328125,30.3499755859375,45.64685821533203,-1,-1,-1
65,-1,385,199,64.91015625,167.7337646484375,39.012184739112854,-1,-1,-1
65,-1,136,215,23.41412353515625,27.896270751953125,37.12596893310547,-1,-1,-1
65,-1,601,198,38.126220703125,164.56500244140625,30.794677138328552,-1,-1,-1
66,-1,540,207,69.736328125,146.169189453125,87.3292863368988,-1,-1,-1
66,-1,300,177,70.90106201171875,247.4132080078125,87.1935248374939,-1,-1,-1
66,-1,418,208,87.1558837890625,164.7781219482422,79.3707013130188,-1,-1,-1
66,-1,581,210,58.62646484375,247.6964111328125,65.29604196548462,-1,-1,-1
66,-1,72,213,24.986679077148438,37.575347900390625,50.569313764572144,-1,-1,-1
66,-1,171,213,27.79046630859375,31.9830322265625,47.39970266819,-1,-1,-1
66,-1,386,198,66.5164794921875,165.300537109375,36.636561155319214,-1,-1,-1
66,-1,158,214,31.23626708984375,29.319183349609375,36.083993315696716,-1,-1,-1
66,-1,136,214,23.06890869140625,29.683685302734375,31.906971335411072,-1,-1,-1
67,-1,540,211,81.77392578125,141.7506103515625,89.67198729515076,-1,-1,-1
67,-1,314,179,70.1541748046875,245.05567932128906,87.09537386894226,-1,-1,-1
67,-1,423,210,85.30401611328125,163.64984130859375,82.30438828468323,-1,-1,-1
67,-1,72,213,24.006027221679688,32.0516357421875,45.84205746650696,-1,-1,-1
67,-1,161,214,35.860107421875,29.8763427734375,41.214075684547424,-1,-1,-1
67,-1,136,215,23.53277587890625,27.53759765625,32.62540400028229,-1,-1,-1
67,-1,386,218,74.69866943359375,150.19940185546875,30.702021718025208,-1,-1,-1
68,-1,540,214,91.2447509765625,138.07704162597656,91.39991998672485,-1,-1,-1
68,-1,319,179,71.22119140625,245.4229736328125,85.72045564651489,-1,-1,-1
68,-1,425,210,85.581787109375,164.42779541015625,79.68742847442627,-1,-1,-1
68,-1,72,213,24.617568969726562,36.869537353515625,58.45779776573181,-1,-1,-1
68,-1,160,214,36.59375,30.900909423828125,51.180946826934814,-1,-1,-1
68,-1,397,197,69.32354736328125,171.04473876953125,47.61510789394379,-1,-1,-1
68,-1,136,218,22.5457763671875,24.145843505859375,30.849042534828186,-1,-1,-1
69,-1,542,215,91.482421875,138.24755859375,90.17113447189331,-1,-1,-1
69,-1,327,177,91.343994140625,248.2019805908203,82.1379005908966,-1,-1,-1
69,-1,428,210,84.94082641601562,164.57373046875,79.84347939491272,-1,-1,-1
69,-1,72,214,24.841415405273438,38.18426513671875,51.487284898757935,-1,-1,-1
69,-1,171,213,27.964996337890625,32.030029296875,48.14964830875397,-1,-1,-1
69,-1,159,214,28.764984130859375,29.368743896484375,46.85151278972626,-1,-1,-1
69,-1,404,196,63.7010498046875,166.96490478515625,44.40102577209473,-1,-1,-1
69,-1,211,214,20.874908447265625,27.592132568359375,26.863154768943787,-1,-1,-1
69,-1,137,218,20.945068359375,23.756011962890625,26.74354314804077,-1,-1,-1
70,-1,327,180,116.9849853515625,244.49298095703125,89.88686800003052,-1,-1,-1
70,-1,547,214,87.5009765625,139.2708740234375,88.81589770317078,-1,-1,-1
70,-1,443,209,72.28948974609375,165.8248291015625,71.65268659591675,-1,-1,-1
70,-1,72,214,24.013809204101562,31.973388671875,50.5698025226593,-1,-1,-1
70,-1,172,214,26.50677490234375,31.661468505859375,42.49860346317291,-1,-1,-1
70,-1,159,215,25.9803466796875,28.578765869140625,42.04040467739105,-1,-1,-1
70,-1,410,198,63.31915283203125,155.40362548828125,35.17114818096161,-1,-1,-1
71,-1,325,180,133.3131103515625,246.62890625,90.32529592514038,-1,-1,-1
71,-1,553,214,78.8763427734375,138.78021240234375,89.41869139671326,-1,-1,-1
71,-1,423,211,94.62881469726562,163.58984375,64.38818573951721,-1,-1,-1
71,-1,72,214,24.022994995117188,37.0762939453125,54.66846823692322,-1,-1,-1
71,-1,175,215,22.855712890625,30.46563720703125,47.885680198669434,-1,-1,-1
71,-1,159,215,23.927581787109375,27.88677978515625,40.39141833782196,-1,-1,-1
71,-1,414,198,53.23480224609375,141.6121826171875,37.578147649765015,-1,-1,-1
