1,-1,384,148,107.68362426757812,207.82992553710938,85.21997928619385,-1,-1,-1
1,-1,480,132,65.36981201171875,200.9361572265625,83.82724523544312,-1,-1,-1
1,-1,547,142,19.6158447265625,47.76518249511719,37.65518665313721,-1,-1,-1
1,-1,564,142,17.5732421875,46.74592590332031,35.08016765117645,-1,-1,-1
1,-1,534,142,24.17755126953125,48.17347717285156,27.054229378700256,-1,-1,-1
2,-1,391,149,105.51974487304688,206.77684020996094,85.67792177200317,-1,-1,-1
2,-1,502,138,48.2425537109375,195.40695190429688,83.80247354507446,-1,-1,-1
2,-1,562,143,17.0439453125,44.31620788574219,25.96386969089508,-1,-1,-1
3,-1,507,135,64.24667358398438,202.3423614501953,87.80639171600342,-1,-1,-1
3,-1,414,148,82.17379760742188,209.53851318359375,81.30648732185364,-1,-1,-1
3,-1,550,143,22.39697265625,45.27777099609375,26.806384325027466,-1,-1,-1
4,-1,514,146,70.802001953125,192.40560913085938,84.99245047569275,-1,-1,-1
4,-1,447,145,56.576934814453125,211.11944580078125,79.82963919639587,-1,-1,-1
4,-1,502,140,22.999481201171875,42.51603698730469,28.167864680290222,-1,-1,-1
5,-1,522,138,82.91644287109375,206.79782104492188,91.5469229221344,-1,-1,-1
5,-1,454,144,70.92660522460938,218.8057861328125,84.45188999176025,-1,-1,-1
5,-1,508,141,18.60089111328125,41.07777404785156,38.621360063552856,-1,-1,-1
5,-1,528,138,18.28570556640625,45.78688049316406,26.80795192718506,-1,-1,-1
6,-1,528,145,85.05340576171875,202.0735321044922,89.44748044013977,-1,-1,-1
6,-1,457,142,85.46661376953125,217.88485717773438,86.37456893920898,-1,-1,-1
7,-1,464,153,86.468994140625,211.2924346923828,87.87374496459961,-1,-1,-1
7,-1,541,147,75.35382080078125,201.9595947265625,79.93641495704651,-1,-1,-1
7,-1,544,141,22.00360107421875,44.995147705078125,32.07920789718628,-1,-1,-1
8,-1,483,153,78.91644287109375,211.8875732421875,86.59032583236694,-1,-1,-1
8,-1,563,142,55.304931640625,205.6115264892578,76.71205401420593,-1,-1,-1
8,-1,544,141,20.86383056640625,44.88885498046875,36.39501631259918,-1,-1,-1
8,-1,492,142,23.907958984375,41.663909912109375,33.05388391017914,-1,-1,-1
9,-1,577,139,57.5465087890625,207.35707092285156,81.86048865318298,-1,-1,-1
9,-1,512,155,58.55078125,210.8532257080078,76.89334750175476,-1,-1,-1
9,-1,493,142,21.269317626953125,47.11933898925781,37.72575855255127,-1,-1,-1
9,-1,519,135,20.41766357421875,43.64118957519531,34.516701102256775,-1,-1,-1
10,-1,523,150,71.582275390625,216.5259552001953,86.98296546936035,-1,-1,-1
10,-1,581,143,79.4930419921875,209.52279663085938,86.43215298652649,-1,-1,-1
10,-1,497,142,21.90576171875,62.721099853515625,60.72419285774231,-1,-1,-1
10,-1,520,136,20.78826904296875,44.12504577636719,39.63415324687958,-1,-1,-1
11,-1,528,153,102.13653564453125,211.8383026123047,88.64474296569824,-1,-1,-1
11,-1,598,142,78.05145263671875,208.60581970214844,77.41464972496033,-1,-1,-1
11,-1,239,142,59.296875,170.0286407470703,69.50464248657227,-1,-1,-1
11,-1,497,142,21.257781982421875,58.82005310058594,55.435776710510254,-1,-1,-1
11,-1,519,137,18.72686767578125,55.357635498046875,49.426499009132385,-1,-1,-1
11,-1,542,143,21.2484130859375,41.73966979980469,32.64518678188324,-1,-1,-1
12,-1,529,152,110.142822265625,215.47378540039062,87.53161430358887,-1,-1,-1
12,-1,612,146,80.10247802734375,213.045166015625,86.78240776062012,-1,-1,-1
12,-1,517,135,20.8302001953125,59.76109313964844,48.63415062427521,-1,-1,-1
12,-1,498,144,21.706939697265625,55.52485656738281,45.751285552978516,-1,-1,-1
12,-1,477,140,20.500213623046875,39.26087951660156,30.627983808517456,-1,-1,-1
12,-1,249,144,61.180084228515625,171.01910400390625,28.508976101875305,-1,-1,-1
12,-1,540,144,25.58502197265625,49.53581237792969,25.042355060577393,-1,-1,-1
13,-1,540,154,103.58221435546875,210.78358459472656,85.54905652999878,-1,-1,-1
13,-1,624,145,67.8255615234375,215.7250213623047,80.82261085510254,-1,-1,-1
13,-1,498,143,22.092620849609375,59.00653076171875,48.59887361526489,-1,-1,-1
13,-1,540,143,22.17620849609375,54.1966552734375,47.9493111371994,-1,-1,-1
13,-1,258,158,63.978759765625,156.5117645263672,36.73219978809357,-1,-1,-1
13,-1,517,137,20.97705078125,59.624847412109375,33.75789821147919,-1,-1,-1
14,-1,569,149,82.37371826171875,219.51422119140625,86.3067090511322,-1,-1,-1
14,-1,639,146,58.954833984375,215.88475036621094,80.0891637802124,-1,-1,-1
14,-1,271,144,67.78619384765625,171.72531127929688,57.826751470565796,-1,-1,-1
14,-1,540,144,21.43798828125,53.0072021484375,52.982109785079956,-1,-1,-1
14,-1,501,142,23.64361572265625,59.488189697265625,45.437660813331604,-1,-1,-1
14,-1,516,137,19.8157958984375,60.048919677734375,36.209651827812195,-1,-1,-1
14,-1,233,131,37.348907470703125,166.59364318847656,28.07442545890808,-1,-1,-1
14,-1,477,142,18.756317138671875,41.28929138183594,26.959529519081116,-1,-1,-1
15,-1,652,142,63.3994140625,220.89268493652344,85.90194582939148,-1,-1,-1
15,-1,598,148,63.855224609375,217.94454956054688,81.82905316352844,-1,-1,-1
15,-1,273,143,77.94598388671875,182.10540771484375,69.90873217582703,-1,-1,-1
15,-1,504,144,22.09765625,57.765716552734375,50.19800066947937,-1,-1,-1
15,-1,539,147,21.9246826171875,51.57737731933594,41.615575551986694,-1,-1,-1
15,-1,234,131,52.42036437988281,193.84332275390625,30.524420738220215,-1,-1,-1
15,-1,235,135,38.868377685546875,74.64067077636719,26.444733142852783,-1,-1,-1
16,-1,656,141,82.9508056640625,223.54994201660156,85.32219529151917,-1,-1,-1
16,-1,591,149,87.79168701171875,218.33180236816406,82.14389085769653,-1,-1,-1
16,-1,290,141,66.07659912109375,183.0810089111328,63.91716003417969,-1,-1,-1
16,-1,507,142,22.718292236328125,64.07038879394531,62.322402000427246,-1,-1,-1
16,-1,238,127,66.21536254882812,196.25506591796875,52.17141509056091,-1,-1,-1
16,-1,541,148,20.56805419921875,53.46714782714844,50.23045539855957,-1,-1,-1
16,-1,567,144,16.6622314453125,54.184814453125,47.126564383506775,-1,-1,-1
16,-1,473,143,19.335174560546875,41.93504333496094,38.42690885066986,-1,-1,-1
16,-1,506,145,48.917083740234375,58.53562927246094,26.759016513824463,-1,-1,-1
17,-1,590,152,101.1080322265625,215.6636505126953,87.06523776054382,-1,-1,-1
17,-1,667,147,86.56591796875,218.04637145996094,86.38145923614502,-1,-1,-1
17,-1,507,143,23.112701416015625,65.650146484375,70.73023319244385,-1,-1,-1
17,-1,540,145,20.07952880859375,53.7911376953125,56.88384175300598,-1,-1,-1
17,-1,249,128,61.75608825683594,195.0188446044922,52.03530788421631,-1,-1,-1
17,-1,304,141,64.90933227539062,175.7137908935547,51.96692943572998,-1,-1,-1
17,-1,563,142,19.95892333984375,54.941497802734375,46.005016565322876,-1,-1,-1
17,-1,470,143,19.60015869140625,47.89344787597656,42.81095862388611,-1,-1,-1
17,-1,514,143,26.63702392578125,60.874755859375,27.77515947818756,-1,-1,-1
18,-1,602,154,102.9007568359375,211.54446411132812,87.73785829544067,-1,-1,-1
18,-1,675,145,88.4324951171875,221.60385131835938,85.35133004188538,-1,-1,-1
18,-1,509,141,22.974151611328125,67.9957275390625,69.17829513549805,-1,-1,-1
18,-1,316,140,85.05657958984375,181.49807739257812,68.96003484725952,-1,-1,-1
18,-1,1182,148,40.4886474609375,216.34091186523438,59.34751033782959,-1,-1,-1
18,-1,544,142,22.2598876953125,55.74090576171875,57.01407790184021,-1,-1,-1
18,-1,260,132,56.643798828125,192.71035766601562,49.59307312965393,-1,-1,-1
18,-1,463,141,18.9864501953125,43.11573791503906,47.76652455329895,-1,-1,-1
18,-1,570,145,20.94140625,52.83341979980469,26.545047760009766,-1,-1,-1
19,-1,1141,150,82.5137939453125,218.1671142578125,90.00686407089233,-1,-1,-1
19,-1,628,151,90.631103515625,216.2451629638672,83.37399363517761,-1,-1,-1
19,-1,698,145,70.53314208984375,219.392578125,82.14938044548035,-1,-1,-1
19,-1,320,141,96.68051147460938,183.12535095214844,70.86006999015808,-1,-1,-1
19,-1,509,140,24.346099853515625,68.77972412109375,64.88579511642456,-1,-1,-1
19,-1,542,142,23.11529541015625,55.82427978515625,61.68903112411499,-1,-1,-1
19,-1,263,129,59.0108642578125,203.9364776611328,55.59858679771423,-1,-1,-1
19,-1,571,147,20.8729248046875,49.99876403808594,38.833028078079224,-1,-1,-1
19,-1,461,142,17.789886474609375,43.64866638183594,30.645138025283813,-1,-1,-1
19,-1,509,141,52.02911376953125,64.3521728515625,26.376554369926453,-1,-1,-1
20,-1,1111,144,86.0205078125,224.1729278564453,88.00207376480103,-1,-1,-1
20,-1,660,151,75.472900390625,216.6279754638672,79.36939001083374,-1,-1,-1
20,-1,718,143,55.955322265625,214.165771484375,73.1067419052124,-1,-1,-1
20,-1,328,136,101.8853759765625,189.6893310546875,73.09698462486267,-1,-1,-1
20,-1,268,130,75.65615844726562,209.94461059570312,72.12962508201599,-1,-1,-1
20,-1,507,138,25.101776123046875,71.3057861328125,67.28634238243103,-1,-1,-1
20,-1,541,140,23.816162109375,58.41529846191406,55.695122480392456,-1,-1,-1
20,-1,571,146,20.98834228515625,50.07366943359375,45.99149227142334,-1,-1,-1
20,-1,458,140,20.10406494140625,49.29119873046875,37.30426728725433,-1,-1,-1
20,-1,483,140,19.00299072265625,39.613128662109375,33.539390563964844,-1,-1,-1
21,-1,1079,143,80.14013671875,225.1247100830078,88.81286382675171,-1,-1,-1
21,-1,674,144,82.99261474609375,224.104736328125,85.8310878276825,-1,-1,-1
21,-1,730,142,74.451171875,221.8640594482422,78.50128412246704,-1,-1,-1
21,-1,279,131,72.98141479492188,208.483154296875,68.999582529068,-1,-1,-1
21,-1,354,135,67.6788330078125,191.71142578125,64.62825536727905,-1,-1,-1
21,-1,511,137,22.97625732421875,67.34803771972656,63.497573137283325,-1,-1,-1
21,-1,540,143,23.005126953125,55.33367919921875,60.52764058113098,-1,-1,-1
21,-1,575,148,18.2249755859375,48.64863586425781,46.15432322025299,-1,-1,-1
21,-1,451,141,22.38671875,51.453033447265625,44.12204325199127,-1,-1,-1
21,-1,484,141,17.69354248046875,37.49560546875,25.702252984046936,-1,-1,-1
22,-1,1015,147,127.07318115234375,222.18490600585938,90.11414647102356,-1,-1,-1
22,-1,683,150,100.31927490234375,218.28627014160156,85.26268005371094,-1,-1,-1
22,-1,744,142,81.6014404296875,225.00437927246094,81.39155507087708,-1,-1,-1
22,-1,288,136,67.97625732421875,194.74205017089844,60.88958382606506,-1,-1,-1
22,-1,447,140,23.021942138671875,57.44744873046875,51.68231725692749,-1,-1,-1
22,-1,541,143,22.89654541015625,54.06614685058594,51.132023334503174,-1,-1,-1
22,-1,510,139,23.001617431640625,64.10305786132812,45.78820765018463,-1,-1,-1
22,-1,575,148,16.38348388671875,50.16093444824219,42.17700958251953,-1,-1,-1
22,-1,371,139,66.54690551757812,182.4451141357422,40.4737263917923,-1,-1,-1
22,-1,504,139,22.9376220703125,45.52476501464844,29.002824425697327,-1,-1,-1
23,-1,978,157,141.660400390625,211.98216247558594,90.75088500976562,-1,-1,-1
23,-1,757,144,93.52032470703125,219.8459014892578,80.67033290863037,-1,-1,-1
23,-1,689,154,120.16961669921875,213.71603393554688,79.72025275230408,-1,-1,-1
23,-1,543,144,19.70172119140625,53.59864807128906,60.28953194618225,-1,-1,-1
23,-1,294,138,69.97125244140625,190.130615234375,54.86096143722534,-1,-1,-1
23,-1,379,146,86.38754272460938,181.5200958251953,54.66305613517761,-1,-1,-1
23,-1,521,140,19.6109619140625,63.2513427734375,52.25303769111633,-1,-1,-1
23,-1,576,149,17.01116943359375,48.81114196777344,46.20928466320038,-1,-1,-1
23,-1,439,141,31.104278564453125,56.11717224121094,39.14180099964142,-1,-1,-1
23,-1,503,140,17.7906494140625,35.73249816894531,32.16101825237274,-1,-1,-1
24,-1,953,154,124.02972412109375,215.14031982421875,87.65400648117065,-1,-1,-1
24,-1,692,150,121.8870849609375,217.1799774169922,86.9951069355011,-1,-1,-1
24,-1,781,145,72.09625244140625,221.79269409179688,74.41452145576477,-1,-1,-1
24,-1,313,126,75.40557861328125,214.60299682617188,64.24269676208496,-1,-1,-1
24,-1,544,146,18.6793212890625,50.58143615722656,63.85544538497925,-1,-1,-1
24,-1,397,154,80.51339721679688,169.54298400878906,60.547077655792236,-1,-1,-1
24,-1,520,140,21.62139892578125,66.42341613769531,57.710808515548706,-1,-1,-1
24,-1,503,141,17.375,37.375946044921875,41.72740578651428,-1,-1,-1
24,-1,575,149,19.15301513671875,49.67596435546875,39.027345180511475,-1,-1,-1
24,-1,482,142,15.239654541015625,37.297454833984375,26.596927642822266,-1,-1,-1
25,-1,946,149,83.23443603515625,217.01776123046875,91.25887155532837,-1,-1,-1
25,-1,722,145,88.02557373046875,222.69476318359375,89.55293297767639,-1,-1,-1
25,-1,795,141,64.13702392578125,224.3673858642578,83.7475597858429,-1,-1,-1
25,-1,325,125,72.26620483398438,217.10784912109375,70.95240354537964,-1,-1,-1
25,-1,543,145,19.29669189453125,52.384307861328125,63.138723373413086,-1,-1,-1
25,-1,520,140,23.2685546875,65.86250305175781,60.74111461639404,-1,-1,-1
25,-1,396,155,90.72320556640625,170.19357299804688,60.42575240135193,-1,-1,-1
25,-1,574,150,21.66925048828125,48.79425048828125,50.76755881309509,-1,-1,-1
25,-1,502,140,19.660675048828125,36.08282470703125,38.92996311187744,-1,-1,-1
25,-1,427,142,28.1607666015625,37.68467712402344,30.93225657939911,-1,-1,-1
25,-1,480,141,16.8277587890625,36.95068359375,29.775208234786987,-1,-1,-1
26,-1,924,145,85.84490966796875,222.8131866455078,88.91981840133667,-1,-1,-1
26,-1,754,144,79.7017822265625,221.95120239257812,80.16943335533142,-1,-1,-1
26,-1,809,137,71.54449462890625,231.07424926757812,77.31706500053406,-1,-1,-1
26,-1,422,145,77.4127197265625,185.090576171875,72.95266389846802,-1,-1,-1
26,-1,330,145,88.880126953125,198.17164611816406,65.64398407936096,-1,-1,-1
26,-1,519,141,26.30401611328125,72.08685302734375,64.38843011856079,-1,-1,-1
26,-1,543,145,20.26251220703125,55.045440673828125,53.952789306640625,-1,-1,-1
26,-1,577,152,19.75030517578125,45.84709167480469,35.46788990497589,-1,-1,-1
26,-1,501,140,20.875274658203125,37.40315246582031,33.887311816215515,-1,-1,-1
27,-1,873,156,132.92449951171875,212.6294403076172,90.12022614479065,-1,-1,-1
27,-1,436,144,71.00726318359375,183.6616668701172,78.04255485534668,-1,-1,-1
27,-1,338,130,89.17742919921875,215.68141174316406,77.07451581954956,-1,-1,-1
27,-1,751,145,99.59893798828125,220.69810485839844,74.504554271698,-1,-1,-1
27,-1,521,139,26.55950927734375,75.27862548828125,64.89433646202087,-1,-1,-1
27,-1,824,140,91.6815185546875,221.38214111328125,58.167076110839844,-1,-1,-1
27,-1,576,150,21.0250244140625,48.23121643066406,42.78104603290558,-1,-1,-1
27,-1,544,144,18.7601318359375,54.24424743652344,40.42979180812836,-1,-1,-1
27,-1,499,139,22.319091796875,35.87702941894531,30.28993010520935,-1,-1,-1
28,-1,750,150,114.80230712890625,216.53196716308594,83.63459706306458,-1,-1,-1
28,-1,452,141,66.16317749023438,194.5334930419922,83.27189683914185,-1,-1,-1
28,-1,875,153,120.841064453125,214.5079803466797,76.24444961547852,-1,-1,-1
28,-1,837,152,74.18536376953125,215.12477111816406,67.47240424156189,-1,-1,-1
28,-1,523,141,26.76947021484375,72.65045166015625,63.01302909851074,-1,-1,-1
28,-1,352,129,91.476806640625,215.9648895263672,59.50701832771301,-1,-1,-1
28,-1,576,145,22.91766357421875,56.92768859863281,47.06820547580719,-1,-1,-1
28,-1,543,144,18.9249267578125,56.52197265625,45.05429565906525,-1,-1,-1
28,-1,498,139,24.66485595703125,39.33329772949219,32.457923889160156,-1,-1,-1
28,-1,502,139,30.392425537109375,54.05943298339844,25.355827808380127,-1,-1,-1
29,-1,853,144,103.094970703125,223.65538024902344,85.8821153640747,-1,-1,-1
29,-1,764,149,116.6793212890625,218.57754516601562,85.53856015205383,-1,-1,-1
29,-1,453,151,101.612060546875,186.04058837890625,79.12384271621704,-1,-1,-1
29,-1,374,126,68.02975463867188,219.70806884765625,64.22889828681946,-1,-1,-1
29,-1,519,136,31.35247802734375,77.09402465820312,54.55770492553711,-1,-1,-1
29,-1,542,143,18.76629638671875,59.783050537109375,48.61544668674469,-1,-1,-1
29,-1,578,147,21.8623046875,53.241607666015625,48.38731288909912,-1,-1,-1
29,-1,564,138,18.279052734375,47.384002685546875,27.28901505470276,-1,-1,-1
30,-1,876,145,101.01776123046875,218.7261199951172,84.3487799167633,-1,-1,-1
30,-1,458,147,106.89340209960938,201.1586456298828,82.1278989315033,-1,-1,-1
30,-1,807,149,93.2843017578125,216.22084045410156,80.5865466594696,-1,-1,-1
30,-1,378,124,71.14495849609375,226.199462890625,62.114620208740234,-1,-1,-1
30,-1,527,139,30.2242431640625,74.15188598632812,61.61128282546997,-1,-1,-1
30,-1,578,150,23.040771484375,52.349517822265625,54.49938774108887,-1,-1,-1
31,-1,780,157,78.2259521484375,204.30894470214844,80.08477687835693,-1,-1,-1
31,-1,469,155,96.15097045898438,188.31777954101562,78.87678146362305,-1,-1,-1
31,-1,894,142,90.45751953125,224.70611572265625,75.52639842033386,-1,-1,-1
31,-1,837,148,80.17169189453125,216.539794921875,70.6377625465393,-1,-1,-1
31,-1,381,125,101.9163818359375,226.3980712890625,60.24297475814819,-1,-1,-1
31,-1,583,149,21.009765625,54.69898986816406,53.355830907821655,-1,-1,-1
31,-1,473,141,18.2000732421875,37.63612365722656,32.33581483364105,-1,-1,-1
31,-1,494,138,21.05841064453125,43.24971008300781,32.04822540283203,-1,-1,-1
31,-1,544,141,21.94390869140625,57.909942626953125,28.592073917388916,-1,-1,-1
32,-1,753,161,115.44464111328125,201.63275146484375,91.1176323890686,-1,-1,-1
32,-1,504,162,61.586578369140625,177.976318359375,82.30220079421997,-1,-1,-1
32,-1,853,146,113.49365234375,219.4590606689453,81.28761053085327,-1,-1,-1
32,-1,390,135,100.35971069335938,227.67770385742188,80.12920618057251,-1,-1,-1
32,-1,584,149,21.03607177734375,56.50102233886719,66.1941409111023,-1,-1,-1
32,-1,922,131,74.57672119140625,234.17520141601562,59.427523612976074,-1,-1,-1
32,-1,494,139,19.575103759765625,43.12156677246094,25.65820813179016,-1,-1,-1
33,-1,528,146,57.38165283203125,202.8062744140625,82.45641589164734,-1,-1,-1
33,-1,754,161,92.09417724609375,194.75106811523438,80.78800439834595,-1,-1,-1
33,-1,943,136,76.4510498046875,228.45338439941406,74.79295134544373,-1,-1,-1
33,-1,405,130,80.3447265625,225.43646240234375,73.58025312423706,-1,-1,-1
33,-1,870,147,115.888427734375,219.93960571289062,70.40467262268066,-1,-1,-1
33,-1,588,151,17.6943359375,50.08787536621094,45.87296545505524,-1,-1,-1
33,-1,367,140,37.065887451171875,40.242584228515625,25.992625951766968,-1,-1,-1
34,-1,533,154,83.517333984375,197.9169921875,87.8217101097107,-1,-1,-1
34,-1,739,158,62.65771484375,193.66587829589844,86.3502025604248,-1,-1,-1
34,-1,885,150,108.01409912109375,217.39154052734375,78.19633483886719,-1,-1,-1
34,-1,429,129,74.57046508789062,227.49053955078125,74.77485537528992,-1,-1,-1
34,-1,966,138,81.4981689453125,227.9008026123047,70.33660411834717,-1,-1,-1
34,-1,586,150,22.91278076171875,45.71083068847656,44.38697695732117,-1,-1,-1
34,-1,526,134,26.8583984375,64.15377807617188,36.38506531715393,-1,-1,-1
35,-1,530,156,106.76788330078125,200.3478546142578,88.6782705783844,-1,-1,-1
35,-1,689,160,109.539306640625,194.62460327148438,88.3337140083313,-1,-1,-1
35,-1,920,146,104.60162353515625,221.4698028564453,72.30214476585388,-1,-1,-1
35,-1,989,142,87.5494384765625,224.2926788330078,71.561199426651,-1,-1,-1
35,-1,447,124,78.98953247070312,234.80349731445312,71.02242708206177,-1,-1,-1
35,-1,526,136,33.5596923828125,72.95152282714844,42.530372738838196,-1,-1,-1
35,-1,544,142,19.9862060546875,59.160858154296875,39.60937559604645,-1,-1,-1
35,-1,591,148,20.03936767578125,42.04145812988281,29.102689027786255,-1,-1,-1
36,-1,668,164,130.1292724609375,186.2190399169922,91.43744111061096,-1,-1,-1
36,-1,547,149,100.89862060546875,210.43190002441406,91.00033640861511,-1,-1,-1
36,-1,457,132,91.42706298828125,228.9883575439453,83.90732407569885,-1,-1,-1
36,-1,945,146,95.47393798828125,218.9982147216797,77.39217281341553,-1,-1,-1
36,-1,1016,144,81.693115234375,223.2188262939453,75.78839659690857,-1,-1,-1
36,-1,541,141,27.188232421875,76.29286193847656,57.117635011672974,-1,-1,-1
36,-1,516,135,29.56134033203125,75.23910522460938,25.09576678276062,-1,-1,-1
37,-1,578,149,77.65106201171875,210.0174560546875,89.09658193588257,-1,-1,-1
37,-1,667,164,104.08673095703125,185.61111450195312,88.07488679885864,-1,-1,-1
37,-1,457,139,102.14340209960938,223.85935974121094,81.70404434204102,-1,-1,-1
37,-1,967,141,103.65472412109375,224.64251708984375,80.00742793083191,-1,-1,-1
37,-1,1049,138,66.760986328125,227.4434356689453,72.38426804542542,-1,-1,-1
37,-1,543,142,28.8984375,76.4500732421875,54.77546453475952,-1,-1,-1
37,-1,1055,141,58.93310546875,112.9635009765625,30.348318815231323,-1,-1,-1
38,-1,468,142,97.81698608398438,224.79383850097656,86.17669939994812,-1,-1,-1
38,-1,595,145,68.0284423828125,213.98011779785156,85.59072017669678,-1,-1,-1
38,-1,993,137,143.767333984375,230.76165771484375,80.67541718482971,-1,-1,-1
38,-1,657,157,59.2196044921875,192.19410705566406,79.87248301506042,-1,-1,-1
38,-1,548,143,23.8173828125,75.60891723632812,40.564826130867004,-1,-1,-1
38,-1,1079,129,62.6446533203125,197.17576599121094,37.48175799846649,-1,-1,-1
39,-1,1016,134,159.39959716796875,233.9908905029297,90.63619375228882,-1,-1,-1
39,-1,488,130,93.64306640625,235.5623321533203,84.2141330242157,-1,-1,-1
39,-1,602,150,98.31866455078125,211.34811401367188,81.38195872306824,-1,-1,-1
39,-1,594,150,19.21759033203125,54.25775146484375,43.59303414821625,-1,-1,-1
39,-1,483,143,20.0758056640625,41.523345947265625,31.611761450767517,-1,-1,-1
39,-1,653,161,49.3780517578125,197.71966552734375,27.654752135276794,-1,-1,-1
40,-1,594,142,117.87310791015625,221.69239807128906,90.23557305335999,-1,-1,-1
40,-1,1047,138,159.700439453125,228.5673370361328,84.96429920196533,-1,-1,-1
40,-1,524,128,72.54998779296875,233.38079833984375,82.73507952690125,-1,-1,-1
40,-1,526,135,20.00244140625,39.59565734863281,31.861045956611633,-1,-1,-1
40,-1,480,142,19.871185302734375,42.39356994628906,30.198529362678528,-1,-1,-1
40,-1,596,150,20.69744873046875,52.2989501953125,27.512812614440918,-1,-1,-1
41,-1,1077,140,146.26513671875,225.29522705078125,92.27432012557983,-1,-1,-1
41,-1,625,149,83.59759521484375,214.334228515625,84.06561613082886,-1,-1,-1
41,-1,595,161,56.74371337890625,184.31524658203125,73.6531138420105,-1,-1,-1
41,-1,533,133,71.78863525390625,229.42335510253906,73.49941730499268,-1,-1,-1
41,-1,525,135,25.173583984375,72.09931945800781,47.45921194553375,-1,-1,-1
42,-1,1106,143,116.7364501953125,223.16616821289062,91.21335744857788,-1,-1,-1
42,-1,639,145,74.26519775390625,219.2764892578125,86.99371814727783,-1,-1,-1
42,-1,545,133,93.77972412109375,235.89675903320312,82.90128707885742,-1,-1,-1
42,-1,525,136,25.92010498046875,73.31069946289062,59.919893741607666,-1,-1,-1
42,-1,551,141,24.79339599609375,64.4827880859375,43.41469705104828,-1,-1,-1
42,-1,489,140,21.67926025390625,44.65321350097656,34.985920786857605,-1,-1,-1
42,-1,535,140,34.37115478515625,66.62837219238281,32.613083720207214,-1,-1,-1
42,-1,434,145,17.831298828125,34.430511474609375,25.2706378698349,-1,-1,-1
43,-1,1136,143,86.9986572265625,221.17723083496094,89.84314203262329,-1,-1,-1
43,-1,669,143,70.44720458984375,223.7286834716797,89.55979943275452,-1,-1,-1
43,-1,544,133,104.146240234375,234.40408325195312,85.61854362487793,-1,-1,-1
43,-1,527,137,22.92047119140625,65.30734252929688,51.32752060890198,-1,-1,-1
43,-1,550,142,23.65234375,74.27824401855469,41.82486832141876,-1,-1,-1
43,-1,478,140,20.42437744140625,43.459503173828125,34.77601110935211,-1,-1,-1
43,-1,556,148,29.3226318359375,73.70118713378906,29.388892650604248,-1,-1,-1
43,-1,456,143,17.670684814453125,37.48857116699219,28.23181450366974,-1,-1,-1
43,-1,429,143,17.670135498046875,35.567657470703125,26.82946026325226,-1,-1,-1
44,-1,676,143,88.63604736328125,225.03245544433594,89.57468271255493,-1,-1,-1
44,-1,574,130,81.609619140625,238.7011260986328,78.83779406547546,-1,-1,-1
44,-1,507,160,90.96981811523438,180.1893310546875,76.28382444381714,-1,-1,-1
44,-1,1148,193,75.0401611328125,169.8616485595703,71.90492153167725,-1,-1,-1
44,-1,526,136,23.27392578125,72.27151489257812,60.54741144180298,-1,-1,-1
44,-1,421,140,21.223785400390625,36.711151123046875,27.037528157234192,-1,-1,-1
44,-1,477,141,18.614166259765625,43.13592529296875,25.52351951599121,-1,-1,-1
45,-1,683,151,108.77508544921875,216.50039672851562,89.57472443580627,-1,-1,-1
45,-1,587,126,90.6173095703125,241.55752563476562,83.40243697166443,-1,-1,-1
45,-1,495,159,106.31939697265625,184.0262908935547,81.12233281135559,-1,-1,-1
45,-1,1172,263,50.60888671875,99.94393920898438,68.57301592826843,-1,-1,-1
45,-1,562,143,29.92633056640625,74.60617065429688,43.288516998291016,-1,-1,-1
45,-1,601,148,19.899658203125,54.121673583984375,29.140064120292664,-1,-1,-1
45,-1,477,141,18.42608642578125,42.90771484375,28.678426146507263,-1,-1,-1
45,-1,418,142,22.0308837890625,34.7626953125,28.435596823692322,-1,-1,-1
46,-1,688,147,120.36578369140625,221.8520050048828,89.41560387611389,-1,-1,-1
46,-1,503,158,74.51116943359375,179.09642028808594,85.95293760299683,-1,-1,-1
46,-1,621,123,78.98309326171875,242.08993530273438,83.61963629722595,-1,-1,-1
46,-1,561,143,30.119140625,82.62371826171875,55.82695007324219,-1,-1,-1
46,-1,601,148,22.21826171875,60.19378662109375,44.731131196022034,-1,-1,-1
46,-1,531,136,22.8712158203125,58.1297607421875,33.33740830421448,-1,-1,-1
46,-1,477,138,20.221282958984375,46.737091064453125,26.527372002601624,-1,-1,-1
47,-1,726,143,95.76763916015625,222.49737548828125,89.00983929634094,-1,-1,-1
47,-1,630,123,94.4930419921875,243.32244873046875,84.97118949890137,-1,-1,-1
47,-1,487,158,41.843170166015625,173.19451904296875,76.63410902023315,-1,-1,-1
47,-1,526,133,27.42352294921875,76.51779174804688,63.8363778591156,-1,-1,-1
47,-1,603,149,21.478759765625,59.279144287109375,49.915140867233276,-1,-1,-1
47,-1,569,148,28.63494873046875,76.99546813964844,48.99608492851257,-1,-1,-1
48,-1,629,129,115.60504150390625,237.85630798339844,89.55165147781372,-1,-1,-1
48,-1,440,158,87.17532348632812,177.3435516357422,83.21529030799866,-1,-1,-1
48,-1,747,142,82.80877685546875,225.7496795654297,83.08672904968262,-1,-1,-1
48,-1,527,134,25.3463134765625,75.65158081054688,70.38127183914185,-1,-1,-1
48,-1,604,150,22.7852783203125,59.52104187011719,65.36810994148254,-1,-1,-1
48,-1,571,148,28.4520263671875,78.87371826171875,58.479464054107666,-1,-1,-1
48,-1,557,147,27.00927734375,77.15592956542969,37.549734115600586,-1,-1,-1
49,-1,755,142,84.560302734375,224.01434326171875,88.42802047729492,-1,-1,-1
49,-1,638,129,127.27252197265625,239.57240295410156,88.30848336219788,-1,-1,-1
49,-1,413,155,108.09738159179688,180.713623046875,84.45790410041809,-1,-1,-1
49,-1,574,144,27.1134033203125,77.32992553710938,66.94486141204834,-1,-1,-1
49,-1,528,133,25.779296875,78.97108459472656,66.23948812484741,-1,-1,-1
49,-1,609,148,20.92999267578125,63.98597717285156,53.65816950798035,-1,-1,-1
49,-1,557,144,21.373291015625,71.33811950683594,48.413899540901184,-1,-1,-1
50,-1,760,141,120.32080078125,228.2124481201172,90.0106430053711,-1,-1,-1
50,-1,671,120,111.1507568359375,247.16812133789062,86.8578314781189,-1,-1,-1
50,-1,420,149,65.06661987304688,186.20562744140625,76.34251713752747,-1,-1,-1
50,-1,528,133,26.33782958984375,80.04641723632812,68.82680654525757,-1,-1,-1
50,-1,577,144,25.984375,80.2220458984375,68.36719512939453,-1,-1,-1
50,-1,557,142,22.04803466796875,71.86634826660156,58.987098932266235,-1,-1,-1
50,-1,611,146,21.98675537109375,65.14720153808594,55.97958564758301,-1,-1,-1
50,-1,472,140,16.9805908203125,43.00736999511719,32.60030448436737,-1,-1,-1
51,-1,778,141,106.972412109375,227.0808563232422,88.84755373001099,-1,-1,-1
51,-1,707,119,83.0928955078125,244.28460693359375,86.1886203289032,-1,-1,-1
51,-1,528,134,25.67376708984375,77.15379333496094,70.78303694725037,-1,-1,-1
51,-1,559,144,24.01629638671875,66.94123840332031,65.74168801307678,-1,-1,-1
51,-1,580,143,25.25042724609375,79.96469116210938,65.54781794548035,-1,-1,-1
51,-1,612,147,25.21246337890625,64.47116088867188,65.07700681686401,-1,-1,-1
51,-1,402,156,73.81179809570312,166.23574829101562,61.64376139640808,-1,-1,-1
51,-1,469,141,19.51025390625,45.75639343261719,43.3692067861557,-1,-1,-1
51,-1,444,143,20.09722900390625,41.40885925292969,39.52082097530365,-1,-1,-1
52,-1,800,139,100.17047119140625,228.09793090820312,88.82242441177368,-1,-1,-1
52,-1,720,119,80.7938232421875,244.68540954589844,86.49840354919434,-1,-1,-1
52,-1,530,134,24.7869873046875,79.82962036132812,72.66147136688232,-1,-1,-1
52,-1,375,152,68.06002807617188,178.06951904296875,70.33025622367859,-1,-1,-1
52,-1,612,146,25.2750244140625,67.13064575195312,65.01209735870361,-1,-1,-1
52,-1,561,145,23.6846923828125,65.95509338378906,64.736407995224,-1,-1,-1
52,-1,578,145,32.63702392578125,74.41073608398438,60.74284315109253,-1,-1,-1
52,-1,461,142,20.417022705078125,43.71624755859375,47.794532775878906,-1,-1,-1
52,-1,436,143,21.038665771484375,39.888214111328125,29.872477054595947,-1,-1,-1
53,-1,724,125,97.67510986328125,239.90953063964844,88.08218836784363,-1,-1,-1
53,-1,839,137,80.10003662109375,229.7696990966797,87.2630774974823,-1,-1,-1
53,-1,339,152,108.91793823242188,181.69993591308594,77.36727595329285,-1,-1,-1
53,-1,531,134,24.48724365234375,73.96266174316406,67.60592460632324,-1,-1,-1
53,-1,586,148,29.01190185546875,68.58189392089844,66.96292757987976,-1,-1,-1
53,-1,561,147,25.16241455078125,66.89814758300781,61.50115132331848,-1,-1,-1
53,-1,613,148,24.405517578125,66.24990844726562,54.98043894767761,-1,-1,-1
53,-1,462,143,17.6082763671875,40.33653259277344,39.09001350402832,-1,-1,-1
53,-1,569,146,33.0953369140625,69.78486633300781,33.30732583999634,-1,-1,-1
53,-1,543,141,28.61181640625,70.57421875,31.477227807044983,-1,-1,-1
54,-1,731,124,115.81573486328125,243.05795288085938,87.2758150100708,-1,-1,-1
54,-1,871,136,83.29119873046875,231.08399963378906,86.41318082809448,-1,-1,-1
54,-1,586,142,30.1475830078125,84.42697143554688,72.02892303466797,-1,-1,-1
54,-1,331,155,104.92584228515625,173.0767059326172,71.87180519104004,-1,-1,-1
54,-1,531,133,25.87786865234375,73.72836303710938,69.59078907966614,-1,-1,-1
54,-1,560,145,26.83135986328125,69.18226623535156,63.6971652507782,-1,-1,-1
54,-1,617,149,21.94720458984375,63.13960266113281,54.89422082901001,-1,-1,-1
54,-1,461,143,16.91168212890625,41.37957763671875,36.697691679000854,-1,-1,-1
54,-1,540,140,31.6185302734375,71.90020751953125,35.56940257549286,-1,-1,-1
54,-1,569,143,35.4453125,76.44978332519531,26.422876119613647,-1,-1,-1
55,-1,749,117,119.11871337890625,251.45953369140625,90.24856686592102,-1,-1,-1
55,-1,876,139,123.64971923828125,230.0236358642578,86.85486912727356,-1,-1,-1
55,-1,531,131,26.32000732421875,85.02909851074219,71.63121104240417,-1,-1,-1
55,-1,326,149,69.53024291992188,180.96499633789062,68.61767768859863,-1,-1,-1
55,-1,587,141,33.5115966796875,86.79289245605469,66.56308770179749,-1,-1,-1
55,-1,621,150,20.185302734375,62.3370361328125,63.251787424087524,-1,-1,-1
55,-1,562,143,25.14501953125,72.39442443847656,61.179858446121216,-1,-1,-1
55,-1,599,144,36.8154296875,69.67108154296875,37.12269067764282,-1,-1,-1
55,-1,431,142,18.289398193359375,42.18212890625,32.07577168941498,-1,-1,-1
55,-1,462,142,16.5399169921875,42.16694641113281,29.444602131843567,-1,-1,-1
56,-1,776,111,119.3026123046875,258.4241638183594,88.86711001396179,-1,-1,-1
56,-1,881,142,161.14935302734375,227.6757049560547,88.80261182785034,-1,-1,-1
56,-1,534,128,23.94769287109375,86.64239501953125,74.61039423942566,-1,-1,-1
56,-1,318,152,61.41534423828125,173.12522888183594,70.03440856933594,-1,-1,-1
56,-1,563,143,24.1893310546875,72.76190185546875,64.51554298400879,-1,-1,-1
56,-1,622,148,20.64105224609375,65.45135498046875,63.7060284614563,-1,-1,-1
56,-1,591,146,32.02166748046875,84.45155334472656,63.303762674331665,-1,-1,-1
56,-1,602,148,37.4385986328125,72.4296875,35.875728726387024,-1,-1,-1
56,-1,459,142,17.152740478515625,41.0701904296875,32.01044797897339,-1,-1,-1
57,-1,818,107,116.49603271484375,261.67059326171875,90.17266035079956,-1,-1,-1
57,-1,919,141,148.612548828125,228.53086853027344,84.53909158706665,-1,-1,-1
57,-1,285,149,80.58297729492188,182.0720977783203,72.47458696365356,-1,-1,-1
57,-1,535,132,26.48773193359375,83.44535827636719,71.55508995056152,-1,-1,-1
57,-1,593,147,32.3172607421875,85.29078674316406,70.44879198074341,-1,-1,-1
57,-1,566,145,23.03021240234375,70.42857360839844,66.46632552146912,-1,-1,-1
57,-1,625,150,19.5703125,62.01399230957031,62.61209845542908,-1,-1,-1
57,-1,458,141,16.823333740234375,43.01609802246094,33.5993230342865,-1,-1,-1
58,-1,847,110,98.86260986328125,256.8414001464844,88.37246894836426,-1,-1,-1
58,-1,971,134,111.01654052734375,232.25982666015625,87.15299367904663,-1,-1,-1
58,-1,273,155,84.61572265625,171.9821319580078,76.53732299804688,-1,-1,-1
58,-1,598,146,32.59722900390625,91.2271728515625,75.41289329528809,-1,-1,-1
58,-1,535,134,28.035888671875,84.26976013183594,73.32882285118103,-1,-1,-1
58,-1,565,143,28.89349365234375,75.57591247558594,64.0637755393982,-1,-1,-1
58,-1,627,150,20.34130859375,71.61695861816406,43.35346817970276,-1,-1,-1
58,-1,458,140,20.63104248046875,45.96382141113281,32.403528690338135,-1,-1,-1
58,-1,470,140,19.24090576171875,46.78227233886719,27.608555555343628,-1,-1,-1
59,-1,851,115,132.27935791015625,253.59828186035156,89.69730138778687,-1,-1,-1
59,-1,998,129,90.9261474609375,237.48524475097656,85.59517860412598,-1,-1,-1
59,-1,262,150,63.0609130859375,169.14059448242188,77.47543454170227,-1,-1,-1
59,-1,601,145,32.7935791015625,90.1202392578125,74.62283372879028,-1,-1,-1
59,-1,537,135,26.6328125,82.58534240722656,70.83987593650818,-1,-1,-1
59,-1,565,143,30.12841796875,75.9169921875,68.40701699256897,-1,-1,-1
59,-1,630,148,17.80633544921875,59.160797119140625,35.995617508888245,-1,-1,-1
59,-1,459,141,18.33819580078125,45.60896301269531,31.38810694217682,-1,-1,-1
60,-1,1019,131,108.79705810546875,237.18699645996094,89.41807746887207,-1,-1,-1
60,-1,907,113,100.22515869140625,254.94944763183594,87.52591609954834,-1,-1,-1
60,-1,260,157,49.6414794921875,160.6490478515625,75.63032507896423,-1,-1,-1
60,-1,607,141,33.77294921875,96.109130859375,72.50221967697144,-1,-1,-1
60,-1,538,132,27.03546142578125,87.10752868652344,69.16900873184204,-1,-1,-1
60,-1,565,140,30.61773681640625,79.50765991210938,61.94854974746704,-1,-1,-1
60,-1,460,141,23.28619384765625,47.91151428222656,38.350710272789,-1,-1,-1
60,-1,633,148,21.1007080078125,53.13298034667969,35.51892936229706,-1,-1,-1
60,-1,425,141,18.420166015625,36.02525329589844,29.149138927459717,-1,-1,-1
60,-1,405,143,18.22015380859375,37.68742370605469,25.71953535079956,-1,-1,-1
61,-1,1046,137,109.7513427734375,228.0041046142578,87.897127866745,-1,-1,-1
61,-1,932,109,107.61981201171875,258.6441650390625,85.84452867507935,-1,-1,-1
61,-1,607,141,39.0321044921875,95.11024475097656,74.06749129295349,-1,-1,-1
61,-1,541,132,26.1953125,87.38160705566406,70.70026397705078,-1,-1,-1
61,-1,569,145,27.2623291015625,73.73971557617188,58.923256397247314,-1,-1,-1
61,-1,248,163,63.27549743652344,151.5401153564453,46.62225842475891,-1,-1,-1
61,-1,459,141,24.531158447265625,48.31298828125,32.960620522499084,-1,-1,-1
61,-1,423,141,18.423858642578125,34.31227111816406,30.39250373840332,-1,-1,-1
61,-1,635,149,23.80029296875,54.53450012207031,28.930723667144775,-1,-1,-1
62,-1,1085,137,111.0865478515625,229.379638671875,87.9892647266388,-1,-1,-1
62,-1,956,103,115.6905517578125,265.39300537109375,85.01585721969604,-1,-1,-1
62,-1,611,143,44.69580078125,98.48713684082031,74.35551285743713,-1,-1,-1
62,-1,541,131,27.03369140625,88.88790893554688,71.47454619407654,-1,-1,-1
62,-1,569,146,25.85772705078125,72.7550048828125,56.86965584754944,-1,-1,-1
62,-1,457,140,22.971649169921875,48.03828430175781,47.391143441200256,-1,-1,-1
62,-1,421,141,20.130340576171875,38.09321594238281,29.465460777282715,-1,-1,-1
63,-1,963,105,140.47607421875,261.484375,90.02417325973511,-1,-1,-1
63,-1,1127,128,96.0220947265625,235.017578125,88.16651105880737,-1,-1,-1
63,-1,612,145,45.89837646484375,100.34327697753906,77.6807427406311,-1,-1,-1
63,-1,571,143,25.61273193359375,74.61444091796875,71.03003263473511,-1,-1,-1
63,-1,543,132,27.81964111328125,85.68032836914062,66.55066013336182,-1,-1,-1
63,-1,453,140,24.14739990234375,49.11665344238281,50.643908977508545,-1,-1,-1
63,-1,421,141,18.751922607421875,33.76866149902344,26.65596604347229,-1,-1,-1
64,-1,982,109,158.1846923828125,256.27191162109375,91.3461685180664,-1,-1,-1
64,-1,617,142,42.267822265625,106.06687927246094,77.55040526390076,-1,-1,-1
64,-1,572,143,26.72412109375,75.04983520507812,72.67413139343262,-1,-1,-1
64,-1,545,133,25.6220703125,83.77024841308594,66.99433922767639,-1,-1,-1
64,-1,1166,122,57.6153564453125,241.70916748046875,66.76479578018188,-1,-1,-1
64,-1,448,139,25.1241455078125,53.96038818359375,59.8349392414093,-1,-1,-1
64,-1,422,142,16.9969482421875,32.20097351074219,32.0511668920517,-1,-1,-1
65,-1,1015,114,161.180908203125,252.1367950439453,88.14003467559814,-1,-1,-1
65,-1,626,140,38.96990966796875,106.96908569335938,78.86824011802673,-1,-1,-1
65,-1,573,142,26.678955078125,77.81692504882812,73.62005710601807,-1,-1,-1
65,-1,448,139,23.145599365234375,55.9295654296875,67.30595827102661,-1,-1,-1
65,-1,1197,187,26.5694580078125,177.52647399902344,63.64924907684326,-1,-1,-1
65,-1,546,132,24.74700927734375,85.91011047363281,57.60051608085632,-1,-1,-1
66,-1,1071,105,149.32958984375,262.28173828125,89.03564810752869,-1,-1,-1
66,-1,629,142,40.01953125,105.08448791503906,83.18629860877991,-1,-1,-1
66,-1,574,145,28.7625732421875,75.37747192382812,74.98245239257812,-1,-1,-1
66,-1,547,131,24.89239501953125,88.88653564453125,66.95983409881592,-1,-1,-1
66,-1,446,142,22.2276611328125,53.08210754394531,58.87162685394287,-1,-1,-1
66,-1,558,139,37.345703125,82.63555908203125,33.78129005432129,-1,-1,-1
66,-1,416,139,18.831939697265625,34.39363098144531,27.660271525382996,-1,-1,-1
66,-1,513,142,16.5819091796875,32.83262634277344,25.050440430641174,-1,-1,-1
67,-1,1133,98,90.258056640625,269.3727722167969,89.30433988571167,-1,-1,-1
67,-1,632,144,41.34033203125,106.240966796875,83.93440842628479,-1,-1,-1
67,-1,578,143,28.56170654296875,76.21321105957031,78.87392044067383,-1,-1,-1
67,-1,549,131,25.414306640625,92.23883056640625,72.59619235992432,-1,-1,-1
67,-1,442,141,25.0909423828125,56.97137451171875,59.27879810333252,-1,-1,-1
67,-1,414,141,18.680084228515625,33.610107421875,27.16275453567505,-1,-1,-1
68,-1,636,143,38.32916259765625,108.6011962890625,82.78535604476929,-1,-1,-1
68,-1,579,145,29.03814697265625,75.93537902832031,77.72583961486816,-1,-1,-1
68,-1,548,132,26.33905029296875,93.72886657714844,75.9028673171997,-1,-1,-1
68,-1,1180,160,43.4681396484375,205.8427734375,71.20057940483093,-1,-1,-1
68,-1,440,140,22.989105224609375,55.24607849121094,49.822798371315,-1,-1,-1
68,-1,510,143,14.98333740234375,30.236724853515625,42.8465873003006,-1,-1,-1
69,-1,642,143,39.39862060546875,109.73861694335938,83.031564950943,-1,-1,-1
69,-1,548,133,27.76531982421875,93.44746398925781,73.7736701965332,-1,-1,-1
69,-1,581,143,29.24102783203125,79.27838134765625,71.77688479423523,-1,-1,-1
69,-1,438,140,22.092803955078125,54.08808898925781,58.37108492851257,-1,-1,-1
69,-1,509,143,16.0374755859375,30.070144653320312,37.765929102897644,-1,-1,-1
69,-1,413,140,17.394073486328125,36.84529113769531,27.491238713264465,-1,-1,-1
70,-1,646,141,40.04351806640625,111.53109741210938,82.64370560646057,-1,-1,-1
70,-1,549,133,30.06396484375,93.04090881347656,77.69401669502258,-1,-1,-1
70,-1,585,141,26.79681396484375,79.76402282714844,68.4623658657074,-1,-1,-1
70,-1,436,140,22.5596923828125,52.282318115234375,50.35222768783569,-1,-1,-1
70,-1,509,142,14.94476318359375,33.8968505859375,47.28376269340515,-1,-1,-1
70,-1,410,140,18.5008544921875,34.6878662109375,25.943157076835632,-1,-1,-1
71,-1,649,143,45.865478515625,113.25129699707031,84.42232608795166,-1,-1,-1
71,-1,549,131,29.8995361328125,94.73992919921875,79.05164957046509,-1,-1,-1
71,-1,587,139,28.57415771484375,86.29313659667969,74.68957304954529,-1,-1,-1
71,-1,434,141,23.83575439453125,52.003173828125,48.94867241382599,-1,-1,-1
71,-1,508,143,13.695343017578125,29.646820068359375,38.424065709114075,-1,-1,-1
72,-1,654,144,47.40118408203125,114.78993225097656,78.87442111968994,-1,-1,-1
72,-1,589,142,30.41827392578125,80.9305419921875,76.70102119445801,-1,-1,-1
72,-1,549,130,30.33819580078125,95.42767333984375,74.51028227806091,-1,-1,-1
72,-1,434,138,20.78558349609375,54.20263671875,45.07279992103577,-1,-1,-1
72,-1,507,143,14.284332275390625,31.838211059570312,43.51383149623871,-1,-1,-1
73,-1,659,145,48.53167724609375,117.83781433105469,76.13545060157776,-1,-1,-1
73,-1,594,145,27.8272705078125,79.93923950195312,74.63517785072327,-1,-1,-1
73,-1,550,132,30.01519775390625,96.67964172363281,70.68066000938416,-1,-1,-1
73,-1,654,152,21.125244140625,63.419464111328125,39.4203245639801,-1,-1,-1
73,-1,504,142,14.521392822265625,32.23907470703125,28.864026069641113,-1,-1,-1
73,-1,435,141,19.5328369140625,41.714599609375,27.937033772468567,-1,-1,-1
74,-1,549,133,31.6707763671875,94.02545166015625,72.82814383506775,-1,-1,-1
74,-1,596,144,29.116455078125,82.75918579101562,69.95334029197693,-1,-1,-1
74,-1,674,144,41.33935546875,116.4307861328125,69.59041953086853,-1,-1,-1
74,-1,655,151,24.4317626953125,71.38801574707031,47.10000157356262,-1,-1,-1
74,-1,435,137,17.873992919921875,47.46534729003906,28.988119959831238,-1,-1,-1
74,-1,531,145,19.67120361328125,36.587677001953125,25.622066855430603,-1,-1,-1
74,-1,658,144,34.03497314453125,107.28071594238281,25.454100966453552,-1,-1,-1
75,-1,598,143,31.826904296875,81.710693359375,74.98634457588196,-1,-1,-1
75,-1,552,132,30.14434814453125,95.5565185546875,73.09701442718506,-1,-1,-1
75,-1,680,144,37.1513671875,118.43040466308594,70.7581639289856,-1,-1,-1
75,-1,429,139,21.03826904296875,51.94908142089844,34.616467356681824,-1,-1,-1
75,-1,662,146,29.32098388671875,94.4942626953125,34.09090340137482,-1,-1,-1
75,-1,499,145,17.46966552734375,29.285415649414062,26.902085542678833,-1,-1,-1
76,-1,682,144,47.04852294921875,120.08045959472656,80.9181272983551,-1,-1,-1
76,-1,598,145,37.1324462890625,81.96647644042969,78.93569469451904,-1,-1,-1
76,-1,550,131,32.289794921875,97.33963012695312,74.50661659240723,-1,-1,-1
76,-1,659,152,27.086669921875,79.64450073242188,50.773000717163086,-1,-1,-1
76,-1,429,140,20.118621826171875,49.92524719238281,34.27130877971649,-1,-1,-1
77,-1,685,143,51.197509765625,123.65530395507812,84.93303656578064,-1,-1,-1
77,-1,601,145,38.85394287109375,81.84915161132812,80.92882037162781,-1,-1,-1
77,-1,552,128,31.46295166015625,102.28074645996094,80.49333095550537,-1,-1,-1
77,-1,663,147,28.67364501953125,85.08181762695312,65.25404453277588,-1,-1,-1
77,-1,425,139,20.738555908203125,49.03239440917969,38.54660987854004,-1,-1,-1
77,-1,496,144,15.723388671875,33.70170593261719,37.26746737957001,-1,-1,-1
78,-1,689,144,50.15789794921875,126.43351745605469,82.98614621162415,-1,-1,-1
78,-1,605,148,36.6356201171875,79.74497985839844,81.44885897636414,-1,-1,-1
78,-1,556,130,28.32672119140625,100.58712768554688,76.82116031646729,-1,-1,-1
78,-1,668,146,26.5555419921875,83.11570739746094,66.52674078941345,-1,-1,-1
78,-1,422,139,21.98895263671875,46.63134765625,45.45168876647949,-1,-1,-1
79,-1,703,143,43.00042724609375,129.52700805664062,85.01738905906677,-1,-1,-1
79,-1,557,133,27.999267578125,99.73956298828125,79.1092574596405,-1,-1,-1
79,-1,608,145,34.13006591796875,82.93365478515625,77.31831073760986,-1,-1,-1
79,-1,668,147,31.70074462890625,79.04060363769531,59.998148679733276,-1,-1,-1
79,-1,422,140,21.510955810546875,47.943389892578125,50.96515417098999,-1,-1,-1
79,-1,513,146,17.505615234375,32.47386169433594,25.60577094554901,-1,-1,-1
80,-1,710,142,43.52197265625,130.7702178955078,84.51716899871826,-1,-1,-1
80,-1,558,131,29.70367431640625,104.29689025878906,80.01552820205688,-1,-1,-1
80,-1,608,145,36.8441162109375,83.30522155761719,74.90717768669128,-1,-1,-1
80,-1,669,150,33.330322265625,76.40406799316406,70.27745246887207,-1,-1,-1
80,-1,422,137,20.469207763671875,50.23005676269531,51.70494318008423,-1,-1,-1
80,-1,560,137,61.55975341796875,96.19134521484375,25.242236256599426,-1,-1,-1
81,-1,713,142,52.65814208984375,133.27874755859375,84.83712673187256,-1,-1,-1
81,-1,558,131,32.3861083984375,105.18775939941406,80.84399104118347,-1,-1,-1
81,-1,609,147,38.4052734375,83.45654296875,78.46032381057739,-1,-1,-1
81,-1,671,151,33.9459228515625,75.57391357421875,71.6514527797699,-1,-1,-1
81,-1,418,137,22.589874267578125,44.920257568359375,34.515950083732605,-1,-1,-1
81,-1,512,146,14.4429931640625,32.922607421875,34.20594036579132,-1,-1,-1
82,-1,716,145,57.0703125,139.4030303955078,86.95334792137146,-1,-1,-1
82,-1,559,127,36.17926025390625,107.36202239990234,79.27468419075012,-1,-1,-1
82,-1,675,151,30.848388671875,76.88401794433594,77.98346281051636,-1,-1,-1
82,-1,614,148,34.86328125,83.22219848632812,77.95509099960327,-1,-1,-1
82,-1,416,138,22.3907470703125,43.1031494140625,41.199615597724915,-1,-1,-1
82,-1,486,144,15.503814697265625,32.81474304199219,25.079232454299927,-1,-1,-1
83,-1,726,147,54.005126953125,136.7500457763672,83.56591463088989,-1,-1,-1
83,-1,561,127,35.7391357421875,107.5712890625,81.1535120010376,-1,-1,-1
83,-1,615,145,36.33935546875,87.29716491699219,78.13713550567627,-1,-1,-1
83,-1,676,150,33.18402099609375,79.63966369628906,77.89120674133301,-1,-1,-1
83,-1,415,139,22.51470947265625,45.736114501953125,47.630301117897034,-1,-1,-1
84,-1,621,146,35.53741455078125,88.41183471679688,84.03177857398987,-1,-1,-1
84,-1,556,127,41.07098388671875,113.25445556640625,81.94336295127869,-1,-1,-1
84,-1,680,150,32.4659423828125,81.99835205078125,79.67933416366577,-1,-1,-1
84,-1,733,145,55.5693359375,141.39239501953125,78.0443012714386,-1,-1,-1
84,-1,480,143,18.002655029296875,34.9300537109375,29.80433702468872,-1,-1,-1
84,-1,414,137,18.83673095703125,43.97718811035156,29.177847504615784,-1,-1,-1
85,-1,746,142,49.4573974609375,147.6279754638672,84.29800868034363,-1,-1,-1
85,-1,622,145,37.0947265625,90.65492248535156,82.66476392745972,-1,-1,-1
85,-1,681,150,35.78607177734375,82.23674011230469,82.62230157852173,-1,-1,-1
85,-1,555,126,43.634521484375,115.87995910644531,80.36599159240723,-1,-1,-1
85,-1,413,140,16.4188232421875,46.21043395996094,31.363871693611145,-1,-1,-1
85,-1,478,142,20.325042724609375,36.52616882324219,28.469744324684143,-1,-1,-1
86,-1,749,147,60.67169189453125,142.08255004882812,83.53098630905151,-1,-1,-1
86,-1,624,145,39.57464599609375,91.68333435058594,82.70910978317261,-1,-1,-1
86,-1,683,153,35.5333251953125,81.22080993652344,79.92976307868958,-1,-1,-1
86,-1,560,127,41.9984130859375,115.9611587524414,74.39161539077759,-1,-1,-1
86,-1,478,142,18.4139404296875,37.128021240234375,43.53206753730774,-1,-1,-1
86,-1,411,136,23.36016845703125,49.35411071777344,35.76919138431549,-1,-1,-1
87,-1,749,146,63.68853759765625,151.28416442871094,87.20793128013611,-1,-1,-1
87,-1,625,147,41.63909912109375,93.35601806640625,83.6094319820404,-1,-1,-1
87,-1,568,126,35.37725830078125,118.26226043701172,79.82708215713501,-1,-1,-1
87,-1,683,151,37.96343994140625,84.39167785644531,77.97831296920776,-1,-1,-1
87,-1,477,142,17.097564697265625,37.288543701171875,36.779963970184326,-1,-1,-1
87,-1,409,139,26.441375732421875,47.59199523925781,35.04623770713806,-1,-1,-1
88,-1,752,146,68.0,150.44046020507812,86.56803965568542,-1,-1,-1
88,-1,573,126,32.8958740234375,121.81400299072266,83.07712078094482,-1,-1,-1
88,-1,627,145,42.29925537109375,95.322265625,82.28428363800049,-1,-1,-1
88,-1,690,149,36.8812255859375,85.33363342285156,72.47145771980286,-1,-1,-1
88,-1,475,142,17.310546875,36.919952392578125,30.839207768440247,-1,-1,-1
89,-1,778,146,47.72552490234375,152.44662475585938,87.73061037063599,-1,-1,-1
89,-1,574,126,35.64202880859375,118.18624877929688,82.35840797424316,-1,-1,-1
89,-1,629,144,41.68267822265625,96.69659423828125,81.70819282531738,-1,-1,-1
89,-1,695,151,39.91473388671875,83.96223449707031,72.74564504623413,-1,-1,-1
89,-1,473,143,15.9512939453125,35.6273193359375,37.459105253219604,-1,-1,-1
89,-1,495,146,16.398895263671875,34.19810485839844,26.689597964286804,-1,-1,-1
90,-1,787,144,50.9371337890625,159.9978485107422,84.82338786125183,-1,-1,-1
90,-1,577,132,37.15155029296875,114.22850036621094,81.58113360404968,-1,-1,-1
90,-1,630,146,42.286865234375,96.9482421875,80.65946102142334,-1,-1,-1
90,-1,697,153,38.32757568359375,83.55015563964844,71.31406664848328,-1,-1,-1
90,-1,470,143,14.309783935546875,35.831573486328125,39.018431305885315,-1,-1,-1
91,-1,579,130,37.785400390625,116.24772644042969,83.96798372268677,-1,-1,-1
91,-1,789,148,66.78717041015625,158.773193359375,83.6729347705841,-1,-1,-1
91,-1,634,148,40.9189453125,91.9102783203125,79.8407256603241,-1,-1,-1
91,-1,704,153,34.48114013671875,85.60955810546875,71.02433443069458,-1,-1,-1
91,-1,467,143,15.782684326171875,36.49391174316406,30.42108416557312,-1,-1,-1
91,-1,240,146,24.391845703125,58.9351806640625,28.616154193878174,-1,-1,-1
92,-1,794,149,73.33209228515625,169.99981689453125,90.42274355888367,-1,-1,-1
92,-1,583,129,36.777587890625,117.64541625976562,83.95512700080872,-1,-1,-1
92,-1,707,151,34.355224609375,85.51930236816406,76.00308656692505,-1,-1,-1
92,-1,633,149,42.55841064453125,97.33267211914062,75.445955991745,-1,-1,-1
92,-1,579,138,89.13800048828125,108.81565856933594,36.197665333747864,-1,-1,-1
92,-1,465,143,16.18341064453125,36.231353759765625,35.64184308052063,-1,-1,-1
92,-1,398,139,17.530242919921875,36.945892333984375,29.677361249923706,-1,-1,-1
93,-1,809,149,66.66900634765625,172.4503936767578,84.68304872512817,-1,-1,-1
93,-1,586,129,36.13922119140625,120.82244873046875,84.15223360061646,-1,-1,-1
93,-1,634,146,44.3482666015625,101.74082946777344,77.9979944229126,-1,-1,-1
93,-1,712,150,32.68896484375,91.65040588378906,77.36490368843079,-1,-1,-1
93,-1,462,143,17.701690673828125,34.293121337890625,40.97045361995697,-1,-1,-1
93,-1,393,140,20.427276611328125,35.402923583984375,25.895175337791443,-1,-1,-1
94,-1,588,130,38.32232666015625,121.67182922363281,84.6137285232544,-1,-1,-1
94,-1,833,146,58.7950439453125,174.0578155517578,84.21774506568909,-1,-1,-1
94,-1,637,144,41.64569091796875,104.86763000488281,78.79341840744019,-1,-1,-1
94,-1,713,154,37.62139892578125,88.17315673828125,76.42166018486023,-1,-1,-1
94,-1,460,143,16.841644287109375,34.81507873535156,36.5926593542099,-1,-1,-1
94,-1,440,144,13.72235107421875,35.86921691894531,25.972124934196472,-1,-1,-1
95,-1,842,147,64.5419921875,178.97482299804688,86.00742220878601,-1,-1,-1
95,-1,587,131,42.3477783203125,122.82626342773438,83.89565348625183,-1,-1,-1
95,-1,640,147,43.59295654296875,100.4248046875,78.63579988479614,-1,-1,-1
95,-1,717,152,35.58953857421875,91.549560546875,74.54050183296204,-1,-1,-1
95,-1,439,147,16.281219482421875,44.00596618652344,40.26879966259003,-1,-1,-1
95,-1,483,147,14.38299560546875,35.34925842285156,33.503007888793945,-1,-1,-1
95,-1,459,144,16.148101806640625,37.096099853515625,33.019763231277466,-1,-1,-1
95,-1,393,141,18.023193359375,35.49012756347656,31.977161765098572,-1,-1,-1
96,-1,842,149,95.02642822265625,182.89366149902344,88.56514692306519,-1,-1,-1
96,-1,589,133,43.32586669921875,125.4234619140625,83.86524319648743,-1,-1,-1
96,-1,641,146,40.07958984375,106.46195983886719,80.45923113822937,-1,-1,-1
96,-1,726,150,31.45257568359375,93.61570739746094,78.5356342792511,-1,-1,-1
96,-1,454,145,19.609954833984375,37.56498718261719,35.21675765514374,-1,-1,-1
96,-1,550,142,15.8594970703125,37.24702453613281,35.052791237831116,-1,-1,-1
96,-1,479,146,15.1494140625,36.333770751953125,31.524404883384705,-1,-1,-1
97,-1,846,149,99.24078369140625,191.04342651367188,89.68641757965088,-1,-1,-1
97,-1,590,131,45.1888427734375,128.35105895996094,85.50624251365662,-1,-1,-1
97,-1,643,150,44.2025146484375,105.37652587890625,82.28132128715515,-1,-1,-1
97,-1,727,151,35.9180908203125,93.80616760253906,76.25759840011597,-1,-1,-1
97,-1,448,144,21.57293701171875,43.00715637207031,45.44999301433563,-1,-1,-1
97,-1,476,146,15.71112060546875,37.210601806640625,38.70229125022888,-1,-1,-1
97,-1,547,140,16.99713134765625,39.12361145019531,35.25758981704712,-1,-1,-1
98,-1,863,148,82.21087646484375,194.38037109375,88.07583451271057,-1,-1,-1
98,-1,599,131,41.15740966796875,128.482177734375,86.22397184371948,-1,-1,-1
98,-1,646,147,44.2364501953125,110.29063415527344,83.85279774665833,-1,-1,-1
98,-1,732,151,38.6058349609375,93.40599060058594,68.99977326393127,-1,-1,-1
98,-1,450,144,18.749542236328125,40.77146911621094,46.13378345966339,-1,-1,-1
98,-1,475,147,16.850311279296875,36.937286376953125,38.117969036102295,-1,-1,-1
98,-1,547,143,16.92633056640625,38.62577819824219,29.804757237434387,-1,-1,-1
98,-1,381,139,21.9034423828125,35.83897399902344,26.236775517463684,-1,-1,-1
99,-1,902,147,57.21380615234375,192.04159545898438,89.07018899917603,-1,-1,-1
99,-1,604,131,37.93756103515625,128.92947387695312,85.10615825653076,-1,-1,-1
99,-1,647,147,47.3798828125,111.81838989257812,82.96315670013428,-1,-1,-1
99,-1,736,152,44.7464599609375,92.41026306152344,77.45963931083679,-1,-1,-1
99,-1,451,141,15.778045654296875,40.86393737792969,50.50286650657654,-1,-1,-1
99,-1,473,147,17.200469970703125,35.82020568847656,36.30829453468323,-1,-1,-1
99,-1,546,144,18.72125244140625,36.13197326660156,27.68474519252777,-1,-1,-1
100,-1,738,153,45.23675537109375,95.99072265625,81.96557760238647,-1,-1,-1
100,-1,651,146,47.01495361328125,114.57389831542969,80.99621534347534,-1,-1,-1
100,-1,606,133,41.4014892578125,128.8617706298828,80.6765079498291,-1,-1,-1
100,-1,911,143,70.5296630859375,212.39259338378906,79.64164614677429,-1,-1,-1
100,-1,447,142,18.43914794921875,41.307098388671875,46.92624807357788,-1,-1,-1
100,-1,469,146,17.32403564453125,37.62290954589844,39.371100068092346,-1,-1,-1
100,-1,375,140,24.74517822265625,33.161834716796875,36.24299168586731,-1,-1,-1
100,-1,543,140,20.6236572265625,40.50599670410156,29.553842544555664,-1,-1,-1
101,-1,912,150,104.5380859375,207.8176727294922,91.12274646759033,-1,-1,-1
101,-1,744,153,41.3154296875,95.02352905273438,80.55682182312012,-1,-1,-1
101,-1,609,135,43.0523681640625,127.50442504882812,80.34304976463318,-1,-1,-1
101,-1,652,148,44.07586669921875,118.28300476074219,79.39196825027466,-1,-1,-1
101,-1,465,144,16.39678955078125,39.241058349609375,53.45522165298462,-1,-1,-1
101,-1,370,137,25.78448486328125,39.801849365234375,34.55018699169159,-1,-1,-1
101,-1,442,145,20.29193115234375,38.52418518066406,27.111977338790894,-1,-1,-1
102,-1,923,149,105.9525146484375,213.86566162109375,90.35669565200806,-1,-1,-1
102,-1,611,131,43.94482421875,133.6085662841797,85.52460670471191,-1,-1,-1
102,-1,658,150,45.677978515625,115.46302795410156,83.09810757637024,-1,-1,-1
102,-1,750,151,37.49163818359375,99.12861633300781,77.82224416732788,-1,-1,-1
102,-1,463,143,16.0220947265625,39.008758544921875,45.53653597831726,-1,-1,-1
102,-1,441,143,17.52447509765625,39.40498352050781,30.26517927646637,-1,-1,-1
102,-1,371,138,23.020172119140625,40.52207946777344,29.417189955711365,-1,-1,-1
103,-1,612,131,45.99859619140625,132.81419372558594,87.1944785118103,-1,-1,-1
103,-1,956,152,88.06048583984375,209.723876953125,84.24410820007324,-1,-1,-1
103,-1,661,149,47.24261474609375,116.56510925292969,82.82345533370972,-1,-1,-1
103,-1,752,150,41.90655517578125,101.18771362304688,80.811208486557,-1,-1,-1
103,-1,461,141,16.909942626953125,45.431854248046875,56.665486097335815,-1,-1,-1
103,-1,437,143,17.000274658203125,41.81578063964844,38.694676756858826,-1,-1,-1
103,-1,368,139,22.5013427734375,36.64076232910156,37.494710087776184,-1,-1,-1
103,-1,444,143,25.59942626953125,47.28660583496094,27.96310782432556,-1,-1,-1
104,-1,989,143,73.0997314453125,223.68031311035156,86.83242201805115,-1,-1,-1
104,-1,666,147,47.4251708984375,121.115234375,84.40223932266235,-1,-1,-1
104,-1,595,129,68.0013427734375,142.2114715576172,83.57773423194885,-1,-1,-1
104,-1,756,152,44.464111328125,102.99566650390625,81.8474531173706,-1,-1,-1
104,-1,460,144,19.79351806640625,43.05766296386719,62.04773783683777,-1,-1,-1
104,-1,435,144,19.3011474609375,39.77154541015625,45.68059742450714,-1,-1,-1
104,-1,363,140,26.103607177734375,34.952362060546875,39.97552692890167,-1,-1,-1
104,-1,440,144,29.500213623046875,45.22273254394531,27.583596110343933,-1,-1,-1
104,-1,547,144,17.04754638671875,37.06025695800781,25.27574896812439,-1,-1,-1
105,-1,992,145,103.3057861328125,222.24085998535156,90.57713747024536,-1,-1,-1
105,-1,583,128,82.9664306640625,146.37969970703125,86.72280311584473,-1,-1,-1
105,-1,668,149,51.3983154296875,126.85426330566406,86.31353378295898,-1,-1,-1
105,-1,763,151,40.80242919921875,102.3436279296875,74.8247504234314,-1,-1,-1
105,-1,464,144,17.236602783203125,41.196319580078125,45.01079320907593,-1,-1,-1
105,-1,435,143,15.871856689453125,35.16552734375,39.21739459037781,-1,-1,-1
106,-1,993,151,147.6121826171875,215.74221801757812,89.49202299118042,-1,-1,-1
106,-1,582,126,87.40667724609375,152.55838012695312,86.71442866325378,-1,-1,-1
106,-1,672,149,51.5927734375,127.42793273925781,83.06440711021423,-1,-1,-1
106,-1,768,149,39.2501220703125,108.67776489257812,82.81278610229492,-1,-1,-1
106,-1,432,144,16.92279052734375,35.57496643066406,39.59878087043762,-1,-1,-1
106,-1,457,145,14.335693359375,41.154266357421875,38.597774505615234,-1,-1,-1
106,-1,473,144,16.164337158203125,42.78788757324219,35.77800989151001,-1,-1,-1
106,-1,362,140,21.162109375,41.231353759765625,27.562010288238525,-1,-1,-1
107,-1,1007,150,138.34832763671875,219.9914093017578,90.04018306732178,-1,-1,-1
107,-1,586,130,83.56378173828125,152.15452575683594,86.03730797767639,-1,-1,-1
107,-1,776,152,41.18060302734375,103.14242553710938,82.85025954246521,-1,-1,-1
107,-1,675,151,52.63153076171875,124.03443908691406,80.37670850753784,-1,-1,-1
107,-1,429,143,18.619476318359375,33.9510498046875,40.983933210372925,-1,-1,-1
107,-1,456,147,13.275390625,40.08119201660156,36.15080714225769,-1,-1,-1
108,-1,1044,145,113.6522216796875,222.8177947998047,92.47720241546631,-1,-1,-1
108,-1,590,128,80.83465576171875,154.9774932861328,88.72768878936768,-1,-1,-1
108,-1,780,152,46.355224609375,109.60871887207031,82.24563002586365,-1,-1,-1
108,-1,679,148,52.97509765625,129.3051300048828,78.25995683670044,-1,-1,-1
108,-1,426,142,18.6634521484375,32.176422119140625,27.981752157211304,-1,-1,-1
109,-1,1101,139,75.128173828125,227.7914276123047,88.00870180130005,-1,-1,-1
109,-1,609,127,66.4442138671875,154.3089599609375,87.49770522117615,-1,-1,-1
109,-1,783,155,51.910888671875,111.06138610839844,86.70270442962646,-1,-1,-1
109,-1,682,150,56.474609375,130.4328155517578,83.86754393577576,-1,-1,-1
109,-1,448,145,17.51458740234375,38.83784484863281,40.14168381690979,-1,-1,-1
109,-1,424,141,18.258697509765625,35.252197265625,35.510411858558655,-1,-1,-1
109,-1,476,147,20.39642333984375,37.990447998046875,31.164517998695374,-1,-1,-1
110,-1,629,130,47.387939453125,157.6767578125,90.17837047576904,-1,-1,-1
110,-1,1123,141,83.4892578125,227.55413818359375,89.69913721084595,-1,-1,-1
110,-1,683,150,62.64910888671875,137.85675048828125,85.15856862068176,-1,-1,-1
110,-1,790,155,48.5159912109375,109.98004150390625,84.1637670993805,-1,-1,-1
110,-1,444,147,18.089019775390625,43.48699951171875,38.71435523033142,-1,-1,-1
110,-1,423,142,17.236602783203125,36.1708984375,30.37065863609314,-1,-1,-1
111,-1,1128,145,95.26806640625,224.59254455566406,92.54692792892456,-1,-1,-1
111,-1,634,130,45.4134521484375,160.66172790527344,86.78333163261414,-1,-1,-1
111,-1,689,155,62.761962890625,140.8105010986328,84.55882668495178,-1,-1,-1
111,-1,799,154,40.98638916015625,108.8076171875,80.57660460472107,-1,-1,-1
111,-1,417,142,25.679962158203125,37.95680236816406,26.301318407058716,-1,-1,-1
112,-1,638,133,46.42315673828125,159.55917358398438,86.82612180709839,-1,-1,-1
112,-1,695,151,60.91925048828125,140.8637237548828,86.65043711662292,-1,-1,-1
112,-1,1145,186,78.310302734375,183.42613220214844,85.25988459587097,-1,-1,-1
112,-1,805,152,40.6075439453125,112.0555419921875,85.00736355781555,-1,-1,-1
112,-1,489,145,15.748992919921875,40.25065612792969,34.06435549259186,-1,-1,-1
112,-1,437,145,18.82586669921875,41.110748291015625,30.261671543121338,-1,-1,-1
113,-1,640,131,47.2281494140625,160.5066680908203,87.80063986778259,-1,-1,-1
113,-1,701,151,55.3631591796875,139.7806396484375,86.14336252212524,-1,-1,-1
113,-1,805,153,54.93280029296875,115.38162231445312,84.57426428794861,-1,-1,-1
113,-1,489,144,18.3543701171875,40.30195617675781,33.49236845970154,-1,-1,-1
113,-1,415,140,17.071502685546875,36.6466064453125,27.069494128227234,-1,-1,-1
113,-1,435,148,19.768951416015625,47.71882629394531,26.572230458259583,-1,-1,-1
114,-1,707,150,60.5267333984375,147.38516235351562,86.70600652694702,-1,-1,-1
114,-1,644,130,48.78594970703125,165.44207763671875,86.53136491775513,-1,-1,-1
114,-1,808,153,57.4388427734375,120.7423095703125,86.11952066421509,-1,-1,-1
114,-1,493,142,18.5169677734375,41.412200927734375,51.50362849235535,-1,-1,-1
114,-1,416,140,15.491851806640625,37.91786193847656,28.04541289806366,-1,-1,-1
114,-1,418,143,24.639984130859375,40.30125427246094,26.577651500701904,-1,-1,-1
115,-1,711,156,65.65838623046875,142.4788055419922,84.57920551300049,-1,-1,-1
115,-1,643,129,53.4144287109375,175.4532470703125,84.46421027183533,-1,-1,-1
115,-1,824,153,42.99517822265625,121.38746643066406,74.85442757606506,-1,-1,-1
115,-1,496,143,16.137420654296875,40.05326843261719,49.71229434013367,-1,-1,-1
115,-1,432,144,16.59100341796875,39.09794616699219,32.28755593299866,-1,-1,-1
115,-1,412,141,16.854644775390625,35.70159912109375,25.352829694747925,-1,-1,-1
116,-1,631,130,69.2398681640625,175.89028930664062,85.76498031616211,-1,-1,-1
116,-1,713,156,69.00457763671875,141.60272216796875,84.88978147506714,-1,-1,-1
116,-1,830,153,48.33428955078125,117.85127258300781,79.91951704025269,-1,-1,-1
116,-1,500,142,13.3013916015625,34.6273193359375,31.769531965255737,-1,-1,-1
116,-1,431,145,14.765716552734375,37.261383056640625,31.364598870277405,-1,-1,-1
116,-1,410,140,17.703094482421875,35.163055419921875,26.802054047584534,-1,-1,-1
117,-1,632,130,74.092041015625,184.712890625,90.0615394115448,-1,-1,-1
117,-1,721,155,63.13128662109375,146.6836700439453,84.8996639251709,-1,-1,-1
117,-1,832,155,58.2666015625,121.06448364257812,82.17537999153137,-1,-1,-1
117,-1,502,143,13.582305908203125,40.702880859375,51.88891291618347,-1,-1,-1
117,-1,427,144,17.3619384765625,36.151519775390625,29.33543622493744,-1,-1,-1
117,-1,409,141,16.20440673828125,34.09765625,28.05955410003662,-1,-1,-1
118,-1,839,156,63.1549072265625,125.31974792480469,87.35319375991821,-1,-1,-1
118,-1,644,130,67.03570556640625,191.50790405273438,86.62344217300415,-1,-1,-1
118,-1,724,156,66.37298583984375,156.1800537109375,85.97655892372131,-1,-1,-1
118,-1,552,143,15.83099365234375,39.57342529296875,42.6821768283844,-1,-1,-1
118,-1,504,144,16.23876953125,37.44129943847656,42.25427508354187,-1,-1,-1
118,-1,424,145,18.965606689453125,35.929290771484375,32.182955741882324,-1,-1,-1
118,-1,406,143,16.511688232421875,34.218658447265625,30.74626922607422,-1,-1,-1
118,-1,349,142,25.30572509765625,37.1019287109375,26.400908827781677,-1,-1,-1
119,-1,727,158,65.93585205078125,155.0904083251953,84.6118152141571,-1,-1,-1
119,-1,659,133,56.93341064453125,183.16001892089844,84.24704670906067,-1,-1,-1
119,-1,848,154,63.15277099609375,132.2540283203125,83.92618298530579,-1,-1,-1
119,-1,508,144,14.9490966796875,36.51066589355469,44.34274733066559,-1,-1,-1
119,-1,552,144,15.25421142578125,37.904632568359375,34.77538824081421,-1,-1,-1
119,-1,422,145,20.24560546875,36.27717590332031,32.03497529029846,-1,-1,-1
119,-1,402,143,19.4718017578125,36.39697265625,31.629693508148193,-1,-1,-1
120,-1,672,129,50.5570068359375,187.1752471923828,86.05244159698486,-1,-1,-1
120,-1,858,154,59.42181396484375,132.72781372070312,83.95571708679199,-1,-1,-1
120,-1,732,159,63.27825927734375,167.94049072265625,75.87977647781372,-1,-1,-1
120,-1,510,143,15.8485107421875,37.48588562011719,43.55085492134094,-1,-1,-1
120,-1,553,144,16.011474609375,38.449432373046875,35.878539085388184,-1,-1,-1
120,-1,419,145,20.4832763671875,35.27085876464844,35.375019907951355,-1,-1,-1
120,-1,402,142,17.22967529296875,35.098236083984375,31.51237666606903,-1,-1,-1
121,-1,676,133,57.16021728515625,191.5973663330078,84.91514921188354,-1,-1,-1
121,-1,874,154,47.4952392578125,130.6240234375,81.77506923675537,-1,-1,-1
121,-1,734,162,70.50323486328125,166.9687957763672,79.49049472808838,-1,-1,-1
121,-1,513,144,15.20208740234375,34.79289245605469,38.5280966758728,-1,-1,-1
121,-1,415,144,20.53948974609375,36.77024841308594,36.301591992378235,-1,-1,-1
121,-1,553,144,18.34783935546875,38.600128173828125,34.17065739631653,-1,-1,-1
122,-1,678,134,66.0162353515625,197.03709411621094,88.0352258682251,-1,-1,-1
122,-1,740,162,69.87847900390625,167.942626953125,83.98597240447998,-1,-1,-1
122,-1,880,149,53.6629638671875,138.1263885498047,81.60091638565063,-1,-1,-1
122,-1,417,143,15.78131103515625,36.92552185058594,38.61057162284851,-1,-1,-1
122,-1,552,142,21.60833740234375,39.78425598144531,32.3219895362854,-1,-1,-1
123,-1,887,157,69.2484130859375,134.06825256347656,88.26287984848022,-1,-1,-1
123,-1,680,136,65.66912841796875,192.99581909179688,85.16279458999634,-1,-1,-1
123,-1,747,157,63.82232666015625,178.3826904296875,83.68457555770874,-1,-1,-1
123,-1,552,143,21.66326904296875,38.592559814453125,31.313520669937134,-1,-1,-1
124,-1,687,133,67.3033447265625,204.82681274414062,86.36471033096313,-1,-1,-1
124,-1,754,160,67.02752685546875,172.13333129882812,83.61154198646545,-1,-1,-1
124,-1,895,158,62.091796875,135.3317108154297,83.30969214439392,-1,-1,-1
124,-1,553,143,21.96923828125,39.35472106933594,30.20307421684265,-1,-1,-1
125,-1,698,132,60.8031005859375,202.92962646484375,87.57991790771484,-1,-1,-1
125,-1,747,159,88.80401611328125,187.1073760986328,85.84122061729431,-1,-1,-1
125,-1,908,154,57.30322265625,146.3183135986328,76.98696851730347,-1,-1,-1
125,-1,554,143,20.4569091796875,39.301300048828125,27.341419458389282,-1,-1,-1
126,-1,686,130,80.182861328125,214.47598266601562,86.93825006484985,-1,-1,-1
126,-1,756,165,86.5859375,183.72706604003906,85.59391498565674,-1,-1,-1
126,-1,926,154,60.17724609375,141.72450256347656,81.93070888519287,-1,-1,-1
126,-1,553,143,21.8333740234375,38.76771545410156,29.0755033493042,-1,-1,-1
127,-1,683,135,90.94610595703125,221.32713317871094,87.23737597465515,-1,-1,-1
127,-1,936,159,70.2701416015625,144.65322875976562,84.90039706230164,-1,-1,-1
127,-1,781,157,74.15692138671875,198.0768585205078,82.868093252182,-1,-1,-1
128,-1,683,136,101.1431884765625,226.53936767578125,87.26914525032043,-1,-1,-1
128,-1,944,160,75.705810546875,148.6953582763672,85.14107465744019,-1,-1,-1
128,-1,788,160,65.662353515625,195.42568969726562,78.74950766563416,-1,-1,-1
128,-1,554,144,19.6993408203125,37.79710388183594,28.45761477947235,-1,-1,-1
129,-1,696,136,93.18023681640625,227.50987243652344,89.11081552505493,-1,-1,-1
129,-1,962,161,68.388916015625,146.5172882080078,85.20047068595886,-1,-1,-1
129,-1,792,161,79.6112060546875,204.3380126953125,84.78118181228638,-1,-1,-1
129,-1,554,144,19.3951416015625,37.79154968261719,32.58657455444336,-1,-1,-1
130,-1,800,163,80.67822265625,199.3582763671875,88.12042474746704,-1,-1,-1
130,-1,973,157,58.80255126953125,144.6778564453125,81.98069930076599,-1,-1,-1
130,-1,730,126,67.69696044921875,241.00563049316406,80.72043061256409,-1,-1,-1
131,-1,740,124,69.1500244140625,241.42160034179688,85.5050265789032,-1,-1,-1
131,-1,983,156,64.89056396484375,156.7183074951172,84.82551574707031,-1,-1,-1
131,-1,810,163,81.1619873046875,203.6927490234375,82.02272653579712,-1,-1,-1
132,-1,989,162,94.96551513671875,151.3607635498047,88.86712193489075,-1,-1,-1
132,-1,746,132,77.22021484375,234.96253967285156,87.46740818023682,-1,-1,-1
132,-1,824,158,78.41339111328125,209.33644104003906,84.80184078216553,-1,-1,-1
133,-1,751,131,83.78741455078125,236.92947387695312,88.1605327129364,-1,-1,-1
133,-1,1005,159,81.71807861328125,162.7010498046875,87.07944750785828,-1,-1,-1
133,-1,829,160,94.82574462890625,206.80084228515625,82.25904107093811,-1,-1,-1
134,-1,829,167,103.41943359375,201.40414428710938,90.64816236495972,-1,-1,-1
134,-1,757,123,82.24468994140625,244.27450561523438,86.94298267364502,-1,-1,-1
134,-1,1025,159,64.6524658203125,166.28675842285156,80.59712648391724,-1,-1,-1
134,-1,550,141,24.89263916015625,42.70091247558594,38.16751837730408,-1,-1,-1
135,-1,771,121,78.50531005859375,246.52432250976562,90.62506556510925,-1,-1,-1
135,-1,842,167,113.97015380859375,201.7668914794922,87.73394823074341,-1,-1,-1
135,-1,1039,158,71.7568359375,168.728271484375,79.19743061065674,-1,-1,-1
135,-1,552,141,19.895263671875,39.62660217285156,39.02795612812042,-1,-1,-1
136,-1,783,117,78.13397216796875,249.24838256835938,89.64152336120605,-1,-1,-1
136,-1,872,161,86.73284912109375,204.4895782470703,88.18791508674622,-1,-1,-1
136,-1,1051,161,89.4739990234375,178.2936248779297,82.83043503761292,-1,-1,-1
136,-1,553,142,20.87451171875,40.136993408203125,45.073890686035156,-1,-1,-1
137,-1,769,121,105.3326416015625,246.0928955078125,90.80424904823303,-1,-1,-1
137,-1,1071,161,91.44580078125,185.4542236328125,85.88196635246277,-1,-1,-1
137,-1,897,159,91.0606689453125,207.12600708007812,83.12633037567139,-1,-1,-1
137,-1,553,142,23.55828857421875,40.0196533203125,27.925804257392883,-1,-1,-1
138,-1,767,122,121.0008544921875,246.8126220703125,91.04835987091064,-1,-1,-1
138,-1,907,158,97.07196044921875,209.19497680664062,85.47289371490479,-1,-1,-1
138,-1,1087,161,90.0955810546875,182.38536071777344,84.03382301330566,-1,-1,-1
138,-1,554,142,21.6968994140625,40.58555603027344,31.713643670082092,-1,-1,-1
139,-1,772,120,128.85687255859375,249.13555908203125,90.86880087852478,-1,-1,-1
139,-1,913,163,115.909423828125,204.46951293945312,87.36563324928284,-1,-1,-1
139,-1,1107,162,77.705078125,176.23513793945312,75.5430817604065,-1,-1,-1
139,-1,236,154,26.033370971679688,54.522735595703125,35.350146889686584,-1,-1,-1
140,-1,786,114,129.98138427734375,252.13009643554688,91.51374697685242,-1,-1,-1
140,-1,929,162,132.66119384765625,205.30418395996094,88.63571882247925,-1,-1,-1
140,-1,1127,159,78.544189453125,179.73048400878906,81.84881210327148,-1,-1,-1
140,-1,557,142,20.9942626953125,40.380218505859375,31.846845149993896,-1,-1,-1
141,-1,827,108,102.94451904296875,256.82672119140625,90.64744710922241,-1,-1,-1
141,-1,964,158,109.4454345703125,209.0933380126953,85.42948365211487,-1,-1,-1
141,-1,1137,161,86.621826171875,177.62026977539062,77.57435441017151,-1,-1,-1
141,-1,374,145,21.430938720703125,33.57359313964844,29.44241464138031,-1,-1,-1
142,-1,855,110,91.6827392578125,257.58941650390625,91.04971289634705,-1,-1,-1
142,-1,993,158,103.04473876953125,210.99009704589844,85.2838397026062,-1,-1,-1
142,-1,1140,161,83.030029296875,194.79647827148438,79.61726784706116,-1,-1,-1
142,-1,252,147,24.008270263671875,58.366607666015625,36.50961220264435,-1,-1,-1
142,-1,243,145,24.414566040039062,60.249237060546875,30.133825540542603,-1,-1,-1
143,-1,868,112,95.79949951171875,256.6344909667969,88.99632692337036,-1,-1,-1
143,-1,1003,162,115.208251953125,205.38111877441406,87.94481754302979,-1,-1,-1
143,-1,373,146,23.02691650390625,34.01884460449219,39.707356691360474,-1,-1,-1
143,-1,1183,189,40.17822265625,159.3607635498047,26.95513665676117,-1,-1,-1
143,-1,240,143,32.648101806640625,64.17990112304688,26.77977681159973,-1,-1,-1
144,-1,1024,161,140.47509765625,205.85574340820312,85.80717444419861,-1,-1,-1
144,-1,882,113,124.9471435546875,254.49539184570312,84.01105999946594,-1,-1,-1
144,-1,555,142,21.4083251953125,41.056304931640625,41.83347523212433,-1,-1,-1
144,-1,371,146,25.11224365234375,34.84197998046875,33.56103599071503,-1,-1,-1
144,-1,1142,199,81.5064697265625,152.3250732421875,28.007203340530396,-1,-1,-1
145,-1,910,106,112.74603271484375,258.71868896484375,89.15616273880005,-1,-1,-1
145,-1,1075,163,131.824951171875,203.4173126220703,86.17141842842102,-1,-1,-1
145,-1,555,142,21.02325439453125,41.21586608886719,35.33141911029816,-1,-1,-1
145,-1,371,145,25.752471923828125,34.19734191894531,26.23574137687683,-1,-1,-1
