1,-1,577,85,61.4422607421875,197.53558349609375,91.20823740959167,-1,-1,-1
1,-1,347,79,86.78900146484375,251.67103576660156,90.8968448638916,-1,-1,-1
1,-1,97,101,65.4842529296875,219.19558715820312,89.91090655326843,-1,-1,-1
1,-1,435,92,86.6875,240.77960205078125,89.6260142326355,-1,-1,-1
1,-1,171,97,77.8829345703125,227.62765502929688,89.34043049812317,-1,-1,-1
1,-1,518,111,41.7503662109375,125.47681427001953,76.30763649940491,-1,-1,-1
1,-1,180,94,33.362457275390625,79.7034683227539,44.630786776542664,-1,-1,-1
2,-1,89,103,69.83236694335938,217.9276123046875,90.9983217716217,-1,-1,-1
2,-1,179,96,72.63760375976562,225.78253173828125,90.63611030578613,-1,-1,-1
2,-1,575,84,64.521484375,200.49087524414062,90.62667489051819,-1,-1,-1
2,-1,349,80,87.81524658203125,252.15240478515625,90.58411717414856,-1,-1,-1
2,-1,439,92,85.859619140625,238.3184814453125,89.07936215400696,-1,-1,-1
2,-1,517,110,42.0838623046875,126.582763671875,78.29453349113464,-1,-1,-1
2,-1,180,94,35.916412353515625,96.02983856201172,45.4977810382843,-1,-1,-1
3,-1,75,103,79.83282470703125,216.86236572265625,90.14582633972168,-1,-1,-1
3,-1,352,83,90.97271728515625,247.93934631347656,89.25212025642395,-1,-1,-1
3,-1,572,84,67.85040283203125,200.6318817138672,89.227294921875,-1,-1,-1
3,-1,189,93,69.76847839355469,228.0799560546875,88.88559937477112,-1,-1,-1
3,-1,442,91,86.32028198242188,237.34706115722656,86.50540113449097,-1,-1,-1
3,-1,517,113,41.060791015625,122.06829833984375,74.82452988624573,-1,-1,-1
3,-1,180,91,43.1572265625,171.3690948486328,51.58576965332031,-1,-1,-1
3,-1,325,147,25.89398193359375,68.95907592773438,39.84761834144592,-1,-1,-1
4,-1,63,104,87.66927337646484,216.51593017578125,90.8474326133728,-1,-1,-1
4,-1,355,85,99.65203857421875,244.15780639648438,89.7966206073761,-1,-1,-1
4,-1,571,86,67.5938720703125,199.373779296875,88.93110752105713,-1,-1,-1
4,-1,196,91,72.11679077148438,228.82725524902344,88.5807752609253,-1,-1,-1
4,-1,449,90,80.31219482421875,236.2138671875,85.79483032226562,-1,-1,-1
4,-1,518,115,40.1356201171875,119.45894622802734,70.30833959579468,-1,-1,-1
4,-1,179,93,42.09918212890625,158.35784912109375,65.84097743034363,-1,-1,-1
5,-1,59,103,88.30166625976562,217.38998413085938,90.4373288154602,-1,-1,-1
5,-1,356,87,97.4107666015625,242.05984497070312,89.94259834289551,-1,-1,-1
5,-1,568,85,69.017822265625,199.4869842529297,88.92618417739868,-1,-1,-1
5,-1,201,91,75.56840515136719,229.32400512695312,88.5485589504242,-1,-1,-1
5,-1,451,89,77.89556884765625,235.84487915039062,86.92868947982788,-1,-1,-1
5,-1,179,94,39.424346923828125,158.6070556640625,64.23172950744629,-1,-1,-1
5,-1,512,111,43.527587890625,122.40237426757812,64.14903998374939,-1,-1,-1
6,-1,53,103,90.06832885742188,218.00413513183594,91.85649752616882,-1,-1,-1
6,-1,363,87,94.65997314453125,240.65005493164062,90.42953252792358,-1,-1,-1
6,-1,206,90,77.64436340332031,229.1651611328125,89.9754285812378,-1,-1,-1
6,-1,567,86,70.2308349609375,198.6468505859375,89.35965895652771,-1,-1,-1
6,-1,454,90,85.66171264648438,233.53903198242188,84.54051613807678,-1,-1,-1
6,-1,179,89,40.178985595703125,165.71173095703125,70.23298740386963,-1,-1,-1
6,-1,510,112,41.957550048828125,120.1884765625,62.31905221939087,-1,-1,-1
7,-1,364,87,95.11114501953125,240.8031005859375,91.84942245483398,-1,-1,-1
7,-1,210,92,80.82492065429688,225.43975830078125,90.47426581382751,-1,-1,-1
7,-1,53,102,85.67350006103516,221.0983428955078,89.73321914672852,-1,-1,-1
7,-1,458,89,87.9039306640625,235.92886352539062,88.3772075176239,-1,-1,-1
7,-1,566,86,65.43701171875,197.3021240234375,87.71687150001526,-1,-1,-1
7,-1,178,93,42.4483642578125,161.34768676757812,80.83226680755615,-1,-1,-1
7,-1,513,114,40.238525390625,108.99911499023438,31.753703951835632,-1,-1,-1
7,-1,621,170,18.1402587890625,65.62347412109375,27.838492393493652,-1,-1,-1
8,-1,367,86,93.09295654296875,240.2917938232422,92.1107530593872,-1,-1,-1
8,-1,52,103,78.564208984375,222.3197021484375,90.43667316436768,-1,-1,-1
8,-1,213,93,87.20857238769531,224.7391357421875,90.1288092136383,-1,-1,-1
8,-1,461,87,81.5057373046875,237.61209106445312,89.4287109375,-1,-1,-1
8,-1,555,87,75.8621826171875,194.96151733398438,82.85197019577026,-1,-1,-1
8,-1,179,92,43.908050537109375,161.6365966796875,78.43987941741943,-1,-1,-1
8,-1,620,172,19.22503662109375,64.56689453125,39.124614000320435,-1,-1,-1
9,-1,370,85,91.243408203125,241.21511840820312,92.19038486480713,-1,-1,-1
9,-1,464,87,78.82730102539062,232.34725952148438,91.19508266448975,-1,-1,-1
9,-1,218,95,87.028564453125,221.9164581298828,89.59369659423828,-1,-1,-1
9,-1,50,101,71.85574340820312,222.63381958007812,88.75921964645386,-1,-1,-1
9,-1,561,88,67.25537109375,195.91033935546875,87.88329362869263,-1,-1,-1
9,-1,180,92,42.106231689453125,161.90835571289062,80.88804483413696,-1,-1,-1
9,-1,617,171,22.86761474609375,65.87527465820312,44.106119871139526,-1,-1,-1
10,-1,371,84,90.23046875,243.630126953125,92.10702776908875,-1,-1,-1
10,-1,467,88,75.80682373046875,232.1630859375,91.78078174591064,-1,-1,-1
10,-1,220,97,91.54689025878906,221.1536407470703,89.43358659744263,-1,-1,-1
10,-1,562,88,63.408203125,196.20492553710938,88.92857432365417,-1,-1,-1
10,-1,46,100,65.14752197265625,224.93618774414062,87.83881068229675,-1,-1,-1
10,-1,179,94,43.15032958984375,157.30889892578125,80.30030131340027,-1,-1,-1
10,-1,617,171,22.5260009765625,65.84756469726562,30.677396059036255,-1,-1,-1
11,-1,374,83,88.25592041015625,242.8697509765625,91.67516231536865,-1,-1,-1
11,-1,470,89,86.3365478515625,235.52719116210938,90.84170460700989,-1,-1,-1
11,-1,42,98,59.68516540527344,225.7315673828125,89.31905031204224,-1,-1,-1
11,-1,560,88,62.905517578125,191.83631896972656,87.60349750518799,-1,-1,-1
11,-1,179,95,42.38116455078125,157.48907470703125,85.89652180671692,-1,-1,-1
11,-1,224,98,90.73588562011719,219.28831481933594,83.83128643035889,-1,-1,-1
11,-1,616,170,23.35430908203125,66.79495239257812,27.912116050720215,-1,-1,-1
12,-1,376,82,85.05419921875,241.1861572265625,91.20007753372192,-1,-1,-1
12,-1,469,90,92.3681640625,233.16336059570312,90.11097550392151,-1,-1,-1
12,-1,35,99,60.591064453125,224.42727661132812,89.7451400756836,-1,-1,-1
12,-1,557,84,62.8677978515625,201.6761932373047,88.58857750892639,-1,-1,-1
12,-1,179,95,43.141265869140625,157.05731201171875,86.1837387084961,-1,-1,-1
12,-1,229,100,91.37092590332031,212.46734619140625,85.3819727897644,-1,-1,-1
12,-1,602,104,37.20233154296875,132.8016357421875,37.97464966773987,-1,-1,-1
13,-1,377,81,88.14691162109375,240.01478576660156,91.57432913780212,-1,-1,-1
13,-1,29,99,60.65386199951172,224.92901611328125,89.99029994010925,-1,-1,-1
13,-1,472,90,94.25601196289062,231.92050170898438,89.83246684074402,-1,-1,-1
13,-1,235,96,84.05621337890625,215.46141052246094,89.30026292800903,-1,-1,-1
13,-1,554,85,62.1077880859375,198.34515380859375,88.24037313461304,-1,-1,-1
13,-1,178,95,43.031097412109375,156.854736328125,83.94877910614014,-1,-1,-1
13,-1,601,103,37.97509765625,132.55288696289062,52.513015270233154,-1,-1,-1
14,-1,381,81,87.8409423828125,237.03729248046875,91.99807643890381,-1,-1,-1
14,-1,475,89,92.546142578125,232.6702423095703,90.97189903259277,-1,-1,-1
14,-1,240,94,79.01588439941406,215.83062744140625,90.14363288879395,-1,-1,-1
14,-1,18,98,69.38484191894531,227.3629150390625,88.88903856277466,-1,-1,-1
14,-1,553,86,58.89501953125,194.60665893554688,87.80016303062439,-1,-1,-1
14,-1,178,94,43.363861083984375,159.41012573242188,86.33508682250977,-1,-1,-1
14,-1,599,106,39.533935546875,129.49212646484375,65.75508713722229,-1,-1,-1
15,-1,243,92,76.71037292480469,217.40338134765625,91.31036400794983,-1,-1,-1
15,-1,384,79,86.76983642578125,242.880859375,90.86184501647949,-1,-1,-1
15,-1,479,90,94.2122802734375,233.59707641601562,89.12494778633118,-1,-1,-1
15,-1,4,97,80.79325866699219,228.3598175048828,88.00963759422302,-1,-1,-1
15,-1,179,94,42.627410888671875,159.2120361328125,86.35867238044739,-1,-1,-1
15,-1,549,85,60.0462646484375,196.3328094482422,86.14461421966553,-1,-1,-1
15,-1,600,107,39.2454833984375,131.56594848632812,67.65443086624146,-1,-1,-1
16,-1,247,88,74.6998291015625,225.1058349609375,91.19373559951782,-1,-1,-1
16,-1,388,80,85.736083984375,241.76181030273438,90.73793888092041,-1,-1,-1
16,-1,0,97,84.29630279541016,230.98788452148438,89.99961614608765,-1,-1,-1
16,-1,479,90,94.433837890625,232.91226196289062,88.74405026435852,-1,-1,-1
16,-1,178,94,43.39068603515625,158.88623046875,87.09359169006348,-1,-1,-1
16,-1,545,88,58.1640625,196.65798950195312,74.41443204879761,-1,-1,-1
16,-1,597,106,41.4844970703125,131.7364501953125,73.46910238265991,-1,-1,-1
17,-1,391,83,86.07513427734375,238.10464477539062,91.13342761993408,-1,-1,-1
17,-1,252,88,71.60504150390625,224.55877685546875,90.5777096748352,-1,-1,-1
17,-1,481,89,91.3826904296875,234.13442993164062,89.00004029273987,-1,-1,-1
17,-1,0,98,83.71446228027344,234.77413940429688,87.31166124343872,-1,-1,-1
17,-1,179,94,42.077239990234375,159.06732177734375,86.80120706558228,-1,-1,-1
17,-1,596,107,42.8134765625,130.98699951171875,76.15303993225098,-1,-1,-1
17,-1,547,91,57.6630859375,188.21759033203125,72.5587248802185,-1,-1,-1
18,-1,394,84,85.7183837890625,236.12030029296875,91.79834723472595,-1,-1,-1
18,-1,254,89,72.75830078125,223.2657012939453,91.20362401008606,-1,-1,-1
18,-1,0,103,84.33465576171875,230.51376342773438,88.3859932422638,-1,-1,-1
18,-1,486,90,84.878662109375,231.86328125,88.3215069770813,-1,-1,-1
18,-1,179,94,41.846649169921875,159.25631713867188,86.75112128257751,-1,-1,-1
18,-1,593,107,44.9903564453125,131.436279296875,70.00530362129211,-1,-1,-1
18,-1,551,92,53.766357421875,190.88677978515625,61.78407073020935,-1,-1,-1
19,-1,397,86,90.296142578125,233.72109985351562,92.01529622077942,-1,-1,-1
19,-1,259,91,71.9932861328125,217.7556915283203,91.74835681915283,-1,-1,-1
19,-1,0,103,84.19302368164062,229.42764282226562,89.19920921325684,-1,-1,-1
19,-1,178,94,41.66644287109375,159.62139892578125,87.64949440956116,-1,-1,-1
19,-1,489,91,82.45523071289062,228.45785522460938,85.54514646530151,-1,-1,-1
19,-1,592,106,46.2894287109375,134.32281494140625,74.14032220840454,-1,-1,-1
19,-1,547,88,56.0166015625,198.635986328125,52.987509965896606,-1,-1,-1
20,-1,401,87,92.1085205078125,232.8485870361328,91.05982780456543,-1,-1,-1
20,-1,261,94,80.328857421875,215.19390869140625,91.00675582885742,-1,-1,-1
20,-1,178,94,41.352996826171875,159.394287109375,87.74598836898804,-1,-1,-1
20,-1,0,100,81.88259887695312,230.20858764648438,86.88259720802307,-1,-1,-1
20,-1,495,90,79.20632934570312,228.2539825439453,86.31243109703064,-1,-1,-1
20,-1,590,104,48.3974609375,140.46456909179688,74.68608021736145,-1,-1,-1
20,-1,554,98,47.632568359375,185.23403930664062,48.82678687572479,-1,-1,-1
20,-1,485,115,31.328125,31.28919219970703,29.966425895690918,-1,-1,-1
21,-1,403,87,93.15911865234375,233.27020263671875,90.96708297729492,-1,-1,-1
21,-1,265,95,81.06134033203125,212.01446533203125,90.37380814552307,-1,-1,-1
21,-1,0,97,76.19577026367188,232.7506561279297,88.43924403190613,-1,-1,-1
21,-1,178,94,41.889495849609375,158.42910766601562,87.7439022064209,-1,-1,-1
21,-1,503,88,80.16860961914062,228.81146240234375,87.03876733779907,-1,-1,-1
21,-1,589,106,49.091552734375,138.3863525390625,76.86221599578857,-1,-1,-1
21,-1,482,115,33.50439453125,29.5823974609375,47.01392352581024,-1,-1,-1
21,-1,557,103,42.3125,173.93605041503906,40.33026695251465,-1,-1,-1
22,-1,406,86,91.86407470703125,234.3395538330078,91.24249815940857,-1,-1,-1
22,-1,268,95,79.03948974609375,213.81353759765625,91.19911789894104,-1,-1,-1
22,-1,507,86,81.7281494140625,225.9820556640625,88.3130431175232,-1,-1,-1
22,-1,178,94,41.751617431640625,157.8753662109375,87.38821744918823,-1,-1,-1
22,-1,0,91,67.20210266113281,235.44869995117188,83.79901051521301,-1,-1,-1
22,-1,588,106,49.1507568359375,137.59085083007812,78.04649472236633,-1,-1,-1
22,-1,480,114,34.086151123046875,30.979942321777344,54.55417037010193,-1,-1,-1
23,-1,267,97,81.11370849609375,212.4591064453125,90.96326231956482,-1,-1,-1
23,-1,408,86,87.2974853515625,233.26632690429688,90.29947519302368,-1,-1,-1
23,-1,508,85,84.4351806640625,229.9375762939453,90.01882076263428,-1,-1,-1
23,-1,177,93,42.286712646484375,160.04638671875,87.66391277313232,-1,-1,-1
23,-1,0,90,52.17517852783203,235.95626831054688,79.85995411872864,-1,-1,-1
23,-1,585,107,50.913330078125,137.37130737304688,75.50144791603088,-1,-1,-1
23,-1,483,113,30.33355712890625,31.948707580566406,54.74351644515991,-1,-1,-1
24,-1,269,96,84.54736328125,211.31182861328125,91.04149341583252,-1,-1,-1
24,-1,410,86,91.92010498046875,234.34442138671875,90.46340584754944,-1,-1,-1
24,-1,508,87,83.79299926757812,227.10336303710938,87.62613534927368,-1,-1,-1
24,-1,178,93,42.0360107421875,159.78036499023438,87.0787501335144,-1,-1,-1
24,-1,585,108,52.3443603515625,134.77835083007812,69.40560340881348,-1,-1,-1
24,-1,0,72,25.444915771484375,255.102294921875,55.617767572402954,-1,-1,-1
24,-1,484,113,30.84307861328125,33.01055908203125,51.45639777183533,-1,-1,-1
25,-1,413,87,90.77880859375,232.35122680664062,90.54271578788757,-1,-1,-1
25,-1,274,98,78.6605224609375,211.03746032714844,89.99594449996948,-1,-1,-1
25,-1,177,93,41.958221435546875,159.27203369140625,87.32572793960571,-1,-1,-1
25,-1,504,87,90.75088500976562,222.11492919921875,86.72725558280945,-1,-1,-1
25,-1,586,109,52.197021484375,132.8385009765625,65.38358926773071,-1,-1,-1
25,-1,484,111,30.600311279296875,34.1959228515625,47.42060899734497,-1,-1,-1
25,-1,0,89,26.06963348388672,247.27133178710938,44.902241230010986,-1,-1,-1
26,-1,417,86,96.56304931640625,229.9500732421875,92.21051931381226,-1,-1,-1
26,-1,281,98,71.581298828125,208.9614715576172,90.4410719871521,-1,-1,-1
26,-1,504,89,94.09716796875,221.44642639160156,87.76374459266663,-1,-1,-1
26,-1,177,94,41.98699951171875,158.4171142578125,87.24599480628967,-1,-1,-1
26,-1,586,108,51.02099609375,133.60122680664062,62.58942484855652,-1,-1,-1
26,-1,486,112,26.964935302734375,33.18988800048828,41.99417531490326,-1,-1,-1
26,-1,0,67,20.25985336303711,171.2393798828125,29.931265115737915,-1,-1,-1
27,-1,422,85,95.13693237304688,227.56610107421875,91.52117371559143,-1,-1,-1
27,-1,287,99,71.93408203125,203.1490020751953,88.9781653881073,-1,-1,-1
27,-1,177,94,42.402557373046875,159.1824951171875,87.19154596328735,-1,-1,-1
27,-1,516,89,82.534912109375,225.895751953125,81.84007406234741,-1,-1,-1
27,-1,583,107,53.9908447265625,133.12646484375,56.110793352127075,-1,-1,-1
27,-1,485,112,24.69158935546875,32.93212890625,35.240164399147034,-1,-1,-1
27,-1,499,96,48.003875732421875,192.0972137451172,29.347029328346252,-1,-1,-1
28,-1,426,85,95.69195556640625,227.1119384765625,92.07842350006104,-1,-1,-1
28,-1,295,96,70.07342529296875,209.00164794921875,88.99602890014648,-1,-1,-1
28,-1,177,95,41.8992919921875,158.53579711914062,86.37112975120544,-1,-1,-1
28,-1,516,92,84.377685546875,221.90249633789062,82.83739686012268,-1,-1,-1
28,-1,501,93,42.7679443359375,194.01165771484375,53.69498133659363,-1,-1,-1
28,-1,582,107,54.3526611328125,134.92153930664062,48.73881936073303,-1,-1,-1
29,-1,431,84,89.4495849609375,227.38180541992188,90.53797721862793,-1,-1,-1
29,-1,301,94,69.9093017578125,210.64874267578125,89.1416072845459,-1,-1,-1
29,-1,523,93,81.20166015625,219.90151977539062,85.05751490592957,-1,-1,-1
29,-1,177,98,42.192169189453125,154.9403076171875,84.7510814666748,-1,-1,-1
29,-1,500,93,42.338287353515625,194.2146453857422,62.19471096992493,-1,-1,-1
29,-1,583,108,55.0245361328125,129.91238403320312,31.462249159812927,-1,-1,-1
30,-1,303,94,77.2064208984375,210.07705688476562,88.6543333530426,-1,-1,-1
30,-1,435,83,85.60739135742188,228.69140625,87.7817690372467,-1,-1,-1
30,-1,177,95,41.565277099609375,157.81201171875,86.14467978477478,-1,-1,-1
30,-1,530,94,74.8193359375,219.6509246826172,84.40037965774536,-1,-1,-1
30,-1,499,93,43.340118408203125,189.90512084960938,68.23108196258545,-1,-1,-1
30,-1,586,109,51.33837890625,128.00460815429688,38.977283239364624,-1,-1,-1
31,-1,308,91,76.55633544921875,215.5577392578125,88.91794681549072,-1,-1,-1
31,-1,438,84,94.81573486328125,229.33807373046875,88.65768909454346,-1,-1,-1
31,-1,177,95,42.068511962890625,158.016845703125,85.45961380004883,-1,-1,-1
31,-1,536,94,74.3873291015625,218.0024871826172,79.02229428291321,-1,-1,-1
31,-1,500,94,57.053863525390625,187.53057861328125,60.176193714141846,-1,-1,-1
32,-1,313,95,74.927001953125,208.3654327392578,90.6366229057312,-1,-1,-1
32,-1,176,94,42.0242919921875,158.46658325195312,86.97792887687683,-1,-1,-1
32,-1,439,85,96.3428955078125,227.69497680664062,85.99757552146912,-1,-1,-1
32,-1,539,91,80.40966796875,226.34349060058594,81.37201070785522,-1,-1,-1
32,-1,500,91,67.47293090820312,189.91714477539062,67.89350509643555,-1,-1,-1
33,-1,317,97,75.7996826171875,205.7053985595703,91.47800803184509,-1,-1,-1
33,-1,176,94,42.330291748046875,159.29452514648438,86.32822632789612,-1,-1,-1
33,-1,441,87,91.22506713867188,223.9136505126953,81.51549696922302,-1,-1,-1
33,-1,543,91,74.0128173828125,223.10484313964844,78.32239866256714,-1,-1,-1
33,-1,498,93,65.179443359375,187.09930419921875,74.4572103023529,-1,-1,-1
34,-1,321,98,77.06298828125,202.61643981933594,90.20655751228333,-1,-1,-1
34,-1,176,95,41.98968505859375,157.53799438476562,86.52583956718445,-1,-1,-1
34,-1,445,90,91.79776000976562,218.28549194335938,80.94506859779358,-1,-1,-1
34,-1,547,90,82.526123046875,223.81149291992188,79.68047261238098,-1,-1,-1
34,-1,498,93,55.0352783203125,188.3531494140625,76.67661905288696,-1,-1,-1
35,-1,322,100,77.32037353515625,200.61474609375,89.56775069236755,-1,-1,-1
35,-1,177,95,41.6085205078125,158.16534423828125,85.46083569526672,-1,-1,-1
35,-1,549,90,84.92138671875,220.75567626953125,83.31068754196167,-1,-1,-1
35,-1,449,92,89.82772827148438,217.42050170898438,80.18434643745422,-1,-1,-1
35,-1,500,98,48.066986083984375,179.6289825439453,69.26352977752686,-1,-1,-1
36,-1,553,86,78.9010009765625,229.33914184570312,88.55537176132202,-1,-1,-1
36,-1,321,98,82.3341064453125,203.32666015625,87.05770373344421,-1,-1,-1
36,-1,176,94,42.45050048828125,158.697998046875,86.94571256637573,-1,-1,-1
36,-1,451,92,88.79397583007812,219.43878173828125,85.12952923774719,-1,-1,-1
36,-1,496,95,50.259918212890625,134.93875122070312,49.0070641040802,-1,-1,-1
37,-1,329,100,76.94732666015625,199.86166381835938,88.83518576622009,-1,-1,-1
37,-1,556,84,77.953125,228.287841796875,88.3696973323822,-1,-1,-1
37,-1,452,91,90.9005126953125,219.02728271484375,87.35236525535583,-1,-1,-1
37,-1,176,96,42.00335693359375,157.59634399414062,85.83812713623047,-1,-1,-1
37,-1,496,94,49.558074951171875,132.46444702148438,39.826661348342896,-1,-1,-1
38,-1,334,100,74.7674560546875,199.95840454101562,90.39474725723267,-1,-1,-1
38,-1,556,90,78.5257568359375,218.69036865234375,88.89017105102539,-1,-1,-1
38,-1,453,91,93.24606323242188,218.9163360595703,88.16413879394531,-1,-1,-1
38,-1,176,95,42.298736572265625,158.1695556640625,86.11636161804199,-1,-1,-1
38,-1,444,109,29.6112060546875,117.10001373291016,30.54458200931549,-1,-1,-1
38,-1,493,92,53.263397216796875,135.9974365234375,28.06931734085083,-1,-1,-1
39,-1,459,89,88.72897338867188,220.81201171875,90.91761708259583,-1,-1,-1
39,-1,341,97,70.60711669921875,201.310791015625,90.83704352378845,-1,-1,-1
39,-1,563,90,71.7557373046875,218.47164916992188,89.62875008583069,-1,-1,-1
39,-1,176,95,42.08984375,157.05551147460938,86.02487444877625,-1,-1,-1
39,-1,444,108,30.0426025390625,117.28961944580078,48.98461103439331,-1,-1,-1
40,-1,345,95,67.93499755859375,203.59950256347656,91.00664258003235,-1,-1,-1
40,-1,463,87,85.29104614257812,222.33932495117188,90.94703197479248,-1,-1,-1
40,-1,563,90,73.4554443359375,217.67999267578125,90.94659686088562,-1,-1,-1
40,-1,175,95,42.690460205078125,158.406494140625,86.89894676208496,-1,-1,-1
40,-1,444,107,30.0118408203125,119.47714233398438,74.19519424438477,-1,-1,-1
41,-1,465,85,84.40936279296875,223.71998596191406,91.32652878761292,-1,-1,-1
41,-1,565,92,73.4248046875,216.27334594726562,91.00759029388428,-1,-1,-1
41,-1,348,94,67.0789794921875,206.3334197998047,90.98579287528992,-1,-1,-1
41,-1,176,94,42.089996337890625,158.8052978515625,86.85151934623718,-1,-1,-1
41,-1,444,107,30.002685546875,121.15689086914062,69.88982558250427,-1,-1,-1
42,-1,565,91,74.99310302734375,216.89443969726562,91.1224901676178,-1,-1,-1
42,-1,350,94,67.75164794921875,204.85867309570312,89.93613719940186,-1,-1,-1
42,-1,465,83,86.2305908203125,224.32687377929688,89.06277418136597,-1,-1,-1
42,-1,176,93,42.11016845703125,159.11904907226562,86.90682053565979,-1,-1,-1
42,-1,443,107,29.23114013671875,127.4588623046875,77.43341326713562,-1,-1,-1
43,-1,569,92,70.670654296875,214.74234008789062,90.28576016426086,-1,-1,-1
43,-1,350,93,68.1585693359375,206.33587646484375,90.06365537643433,-1,-1,-1
43,-1,460,83,92.31866455078125,222.81072998046875,88.58155012130737,-1,-1,-1
43,-1,176,94,42.13165283203125,158.82321166992188,86.73954606056213,-1,-1,-1
43,-1,442,108,29.07220458984375,133.31015014648438,80.94003200531006,-1,-1,-1
44,-1,353,94,73.25823974609375,204.6763916015625,90.04417657852173,-1,-1,-1
44,-1,571,91,68.1849365234375,219.86651611328125,89.08740282058716,-1,-1,-1
44,-1,176,94,42.246551513671875,159.59225463867188,87.69802451133728,-1,-1,-1
44,-1,459,86,97.0201416015625,220.73953247070312,84.7840964794159,-1,-1,-1
44,-1,441,109,29.22247314453125,131.72390747070312,78.41572165489197,-1,-1,-1
45,-1,359,96,77.02264404296875,201.0093994140625,91.26453399658203,-1,-1,-1
45,-1,574,93,64.7757568359375,214.36410522460938,89.008229970932,-1,-1,-1
45,-1,175,93,42.245361328125,159.91397094726562,87.08116412162781,-1,-1,-1
45,-1,467,85,93.3707275390625,221.3355712890625,81.84024691581726,-1,-1,-1
45,-1,439,110,30.41790771484375,129.20498657226562,78.46618890762329,-1,-1,-1
45,-1,459,92,50.4442138671875,198.1171875,41.26342535018921,-1,-1,-1
46,-1,365,98,75.78631591796875,197.11375427246094,92.66940355300903,-1,-1,-1
46,-1,575,92,63.7283935546875,215.00314331054688,89.20385837554932,-1,-1,-1
46,-1,175,94,42.1396484375,158.56341552734375,85.94057559967041,-1,-1,-1
46,-1,481,86,83.0919189453125,218.6780242919922,84.60947871208191,-1,-1,-1
46,-1,438,111,29.2674560546875,131.56982421875,77.51590609550476,-1,-1,-1
46,-1,459,98,44.4150390625,189.80691528320312,48.925620317459106,-1,-1,-1
47,-1,367,100,75.1796875,194.74078369140625,93.8130259513855,-1,-1,-1
47,-1,486,87,89.137939453125,218.12850952148438,90.41147232055664,-1,-1,-1
47,-1,578,89,61.268798828125,218.615234375,88.3358895778656,-1,-1,-1
47,-1,175,94,42.3839111328125,159.23876953125,87.24533915519714,-1,-1,-1
47,-1,435,109,29.78118896484375,133.7301025390625,68.87351274490356,-1,-1,-1
47,-1,456,99,40.12615966796875,175.5065460205078,65.80139398574829,-1,-1,-1
48,-1,370,100,73.345947265625,195.8224639892578,92.40061044692993,-1,-1,-1
48,-1,487,89,93.83084106445312,215.86453247070312,91.63026213645935,-1,-1,-1
48,-1,579,89,60.45159912109375,217.84695434570312,88.79778981208801,-1,-1,-1
48,-1,175,93,42.35748291015625,159.75091552734375,87.08247542381287,-1,-1,-1
48,-1,455,98,42.9222412109375,177.0414276123047,77.0811676979065,-1,-1,-1
48,-1,435,109,28.7825927734375,133.72317504882812,57.303690910339355,-1,-1,-1
49,-1,489,90,96.72012329101562,216.3759765625,91.87955260276794,-1,-1,-1
49,-1,372,99,74.67083740234375,196.53945922851562,91.4285659790039,-1,-1,-1
49,-1,175,94,42.31512451171875,157.9716796875,86.82388067245483,-1,-1,-1
49,-1,584,89,55.4910888671875,219.3841094970703,86.76015138626099,-1,-1,-1
49,-1,452,97,44.7069091796875,177.53533935546875,82.44838118553162,-1,-1,-1
49,-1,433,111,27.00909423828125,129.02569580078125,52.9891312122345,-1,-1,-1
50,-1,492,90,97.280029296875,214.790283203125,91.41867160797119,-1,-1,-1
50,-1,374,100,72.12823486328125,195.3896484375,90.16585946083069,-1,-1,-1
50,-1,587,90,52.085693359375,214.8857421875,87.4667763710022,-1,-1,-1
50,-1,175,93,42.433563232421875,161.04220581054688,87.28575110435486,-1,-1,-1
50,-1,446,94,51.53839111328125,181.88096618652344,84.41100120544434,-1,-1,-1
51,-1,493,91,95.251708984375,214.9232177734375,92.33769178390503,-1,-1,-1
51,-1,379,98,68.4903564453125,197.82321166992188,90.9207820892334,-1,-1,-1
51,-1,175,93,42.502288818359375,159.82730102539062,86.10671162605286,-1,-1,-1
51,-1,445,93,54.2711181640625,182.58514404296875,85.98585724830627,-1,-1,-1
51,-1,591,90,48.552978515625,212.54205322265625,85.9082043170929,-1,-1,-1
52,-1,493,91,96.88623046875,214.54592895507812,91.58122539520264,-1,-1,-1
52,-1,385,98,67.9488525390625,191.80458068847656,88.25936317443848,-1,-1,-1
52,-1,446,96,53.25714111328125,180.66799926757812,88.21913003921509,-1,-1,-1
52,-1,175,93,41.85296630859375,158.93463134765625,86.5056574344635,-1,-1,-1
52,-1,591,90,48.5281982421875,212.3197021484375,85.57907342910767,-1,-1,-1
53,-1,498,89,96.9364013671875,217.3717803955078,90.63819646835327,-1,-1,-1
53,-1,392,97,63.21051025390625,191.34658813476562,88.7989342212677,-1,-1,-1
53,-1,176,93,42.12664794921875,160.17935180664062,87.09438443183899,-1,-1,-1
53,-1,448,95,48.96728515625,180.53421020507812,87.0226263999939,-1,-1,-1
53,-1,592,93,47.0859375,211.13812255859375,83.37546586990356,-1,-1,-1
54,-1,501,88,99.26248168945312,217.84716796875,90.16607403755188,-1,-1,-1
54,-1,400,96,62.09295654296875,193.494873046875,89.23720717430115,-1,-1,-1
54,-1,447,92,47.17926025390625,185.6846923828125,87.08429336547852,-1,-1,-1
54,-1,175,93,41.927703857421875,160.20199584960938,86.55227422714233,-1,-1,-1
54,-1,594,94,45.83642578125,208.7669677734375,84.57835912704468,-1,-1,-1
55,-1,504,87,95.73403930664062,217.376708984375,90.48826694488525,-1,-1,-1
55,-1,403,94,63.519287109375,194.94564819335938,88.46210241317749,-1,-1,-1
55,-1,175,93,42.455474853515625,159.42355346679688,86.96088194847107,-1,-1,-1
55,-1,447,92,46.01519775390625,186.030029296875,84.4540536403656,-1,-1,-1
55,-1,597,98,42.369140625,205.76821899414062,80.136638879776,-1,-1,-1
56,-1,511,86,90.20339965820312,214.63189697265625,90.08711576461792,-1,-1,-1
56,-1,175,93,42.030242919921875,159.4959716796875,87.59404420852661,-1,-1,-1
56,-1,406,95,70.1591796875,194.819580078125,84.5516562461853,-1,-1,-1
56,-1,598,99,41.81524658203125,205.34864807128906,77.7515709400177,-1,-1,-1
56,-1,447,95,44.19146728515625,183.6446990966797,64.9845540523529,-1,-1,-1
57,-1,518,89,78.5140380859375,210.02581787109375,89.63807821273804,-1,-1,-1
57,-1,174,92,43.0616455078125,160.32223510742188,88.1868302822113,-1,-1,-1
57,-1,409,97,72.21502685546875,193.1739501953125,83.72207880020142,-1,-1,-1
57,-1,606,100,33.634033203125,202.74891662597656,69.20207738876343,-1,-1,-1
57,-1,448,99,40.2723388671875,176.892578125,38.746994733810425,-1,-1,-1
57,-1,558,89,67.6632080078125,217.806396484375,26.788869500160217,-1,-1,-1
58,-1,523,86,75.700439453125,214.47256469726562,88.38825821876526,-1,-1,-1
58,-1,175,93,42.534027099609375,160.4246826171875,85.99815368652344,-1,-1,-1
58,-1,411,97,72.6558837890625,194.43743896484375,75.2026379108429,-1,-1,-1
58,-1,609,104,29.8360595703125,199.25390625,68.41037273406982,-1,-1,-1
59,-1,527,89,80.462158203125,210.48135375976562,88.61361145973206,-1,-1,-1
59,-1,174,93,42.902008056640625,160.20159912109375,86.40794157981873,-1,-1,-1
59,-1,409,96,77.7381591796875,193.67864990234375,74.35612082481384,-1,-1,-1
59,-1,611,104,28.2630615234375,199.11358642578125,56.01430535316467,-1,-1,-1
60,-1,530,90,80.735595703125,208.1883087158203,89.59083557128906,-1,-1,-1
60,-1,175,93,42.785186767578125,160.45037841796875,86.89364194869995,-1,-1,-1
60,-1,412,100,76.884033203125,186.44923400878906,83.34699869155884,-1,-1,-1
60,-1,611,111,28.2003173828125,190.66065979003906,62.66096234321594,-1,-1,-1
61,-1,533,90,79.609619140625,212.2374267578125,87.84820437431335,-1,-1,-1
61,-1,419,101,71.89691162109375,186.35621643066406,87.38543391227722,-1,-1,-1
61,-1,175,92,43.14898681640625,159.63259887695312,86.91021800041199,-1,-1,-1
61,-1,616,111,23.5546875,193.019775390625,50.00042915344238,-1,-1,-1
61,-1,400,171,35.76312255859375,99.53521728515625,30.948355793952942,-1,-1,-1
62,-1,536,92,78.3865966796875,210.00286865234375,89.21827673912048,-1,-1,-1
62,-1,174,93,43.629302978515625,160.79827880859375,86.40671372413635,-1,-1,-1
62,-1,425,103,72.2662353515625,183.37924194335938,83.2293450832367,-1,-1,-1
62,-1,617,113,22.111572265625,169.54562377929688,42.7995502948761,-1,-1,-1
62,-1,416,96,30.5269775390625,80.4766845703125,30.412399768829346,-1,-1,-1
62,-1,400,103,56.19793701171875,171.57119750976562,27.269485592842102,-1,-1,-1
63,-1,538,92,79.2572021484375,212.3087921142578,87.16529607772827,-1,-1,-1
63,-1,174,93,44.183746337890625,160.40411376953125,87.02616691589355,-1,-1,-1
63,-1,429,106,68.4351806640625,177.05624389648438,86.12874746322632,-1,-1,-1
63,-1,398,99,49.041259765625,172.38218688964844,72.6822555065155,-1,-1,-1
63,-1,619,115,20.9163818359375,158.92401123046875,33.21129381656647,-1,-1,-1
64,-1,541,94,79.0380859375,208.6099090576172,87.97396421432495,-1,-1,-1
64,-1,175,92,43.67156982421875,161.1285400390625,86.58876419067383,-1,-1,-1
64,-1,431,107,70.71795654296875,174.9906005859375,84.71618890762329,-1,-1,-1
64,-1,398,96,48.83636474609375,175.22634887695312,79.56529259681702,-1,-1,-1
64,-1,620,116,19.4154052734375,85.23458862304688,33.06024670600891,-1,-1,-1
65,-1,545,93,78.03515625,208.00439453125,87.38837838172913,-1,-1,-1
65,-1,174,93,44.47796630859375,161.21975708007812,86.26766204833984,-1,-1,-1
65,-1,435,97,67.33660888671875,186.6640625,84.90363359451294,-1,-1,-1
65,-1,397,96,46.8958740234375,178.1080780029297,83.20156335830688,-1,-1,-1
66,-1,549,91,76.8262939453125,209.64752197265625,87.51413226127625,-1,-1,-1
66,-1,437,96,67.952880859375,187.8756103515625,87.469083070755,-1,-1,-1
66,-1,397,94,61.26812744140625,176.10232543945312,86.90483570098877,-1,-1,-1
66,-1,175,93,44.379913330078125,160.7109375,86.88513040542603,-1,-1,-1
67,-1,395,94,65.69000244140625,175.2576904296875,90.67918062210083,-1,-1,-1
67,-1,441,96,65.91046142578125,190.54931640625,89.23868536949158,-1,-1,-1
67,-1,551,94,74.937744140625,202.98043823242188,87.64792084693909,-1,-1,-1
67,-1,175,93,44.13092041015625,159.74493408203125,86.51946187019348,-1,-1,-1
68,-1,391,94,60.19891357421875,176.47015380859375,91.43945574760437,-1,-1,-1
68,-1,444,93,64.36456298828125,193.15232849121094,89.97732400894165,-1,-1,-1
68,-1,554,89,73.244140625,208.21353149414062,87.40862011909485,-1,-1,-1
68,-1,175,93,45.12823486328125,160.6328125,87.0509684085846,-1,-1,-1
68,-1,614,125,24.9456787109375,145.7995147705078,27.72327959537506,-1,-1,-1
69,-1,389,95,60.71142578125,173.38946533203125,92.32827425003052,-1,-1,-1
69,-1,446,93,66.041259765625,186.57656860351562,88.4376585483551,-1,-1,-1
69,-1,555,88,75.6070556640625,206.48507690429688,87.78727650642395,-1,-1,-1
69,-1,175,93,45.14404296875,160.16824340820312,87.20757961273193,-1,-1,-1
69,-1,615,132,24.5147705078125,137.48716735839844,53.14657688140869,-1,-1,-1
70,-1,387,95,60.1356201171875,172.84617614746094,91.41958951950073,-1,-1,-1
70,-1,448,93,65.139892578125,190.0365447998047,90.42843580245972,-1,-1,-1
70,-1,557,87,72.1451416015625,207.3706512451172,86.9970440864563,-1,-1,-1
70,-1,175,93,45.717193603515625,159.21963500976562,86.0805869102478,-1,-1,-1
70,-1,616,125,23.81475830078125,147.81161499023438,42.42600500583649,-1,-1,-1
70,-1,624,109,15.7520751953125,78.52090454101562,28.60316038131714,-1,-1,-1
71,-1,451,94,65.12557983398438,188.18690490722656,91.92996025085449,-1,-1,-1
71,-1,386,93,57.51873779296875,179.3748779296875,89.25912380218506,-1,-1,-1
71,-1,560,85,73.963134765625,209.11077880859375,87.48776316642761,-1,-1,-1
71,-1,176,93,46.42388916015625,159.41748046875,84.21913981437683,-1,-1,-1
71,-1,618,101,21.38067626953125,175.05348205566406,40.56665003299713,-1,-1,-1
72,-1,454,95,64.9844970703125,187.5810546875,90.58724045753479,-1,-1,-1
72,-1,384,92,57.81060791015625,179.21534729003906,89.78419899940491,-1,-1,-1
72,-1,563,85,75.6534423828125,202.60409545898438,89.18620347976685,-1,-1,-1
72,-1,177,93,47.2010498046875,160.16259765625,85.14965176582336,-1,-1,-1
72,-1,620,99,19.5517578125,170.11436462402344,26.67720317840576,-1,-1,-1
73,-1,565,85,73.786865234375,209.00234985351562,89.69802260398865,-1,-1,-1
73,-1,382,94,59.41839599609375,176.3575439453125,89.16020393371582,-1,-1,-1
73,-1,457,96,61.81988525390625,184.93701171875,88.96502256393433,-1,-1,-1
73,-1,178,93,48.955535888671875,159.61370849609375,85.61311364173889,-1,-1,-1
74,-1,570,88,69.1888427734375,206.24822998046875,88.5952353477478,-1,-1,-1
74,-1,380,97,59.08831787109375,170.75823974609375,88.53389024734497,-1,-1,-1
74,-1,460,97,64.37649536132812,183.91554260253906,87.09368705749512,-1,-1,-1
74,-1,176,92,50.931549072265625,159.45736694335938,85.7831597328186,-1,-1,-1
75,-1,376,100,62.22259521484375,168.6273193359375,89.64437246322632,-1,-1,-1
75,-1,463,97,63.13555908203125,183.55307006835938,87.25622296333313,-1,-1,-1
75,-1,176,92,51.9007568359375,159.87295532226562,86.14722490310669,-1,-1,-1
75,-1,572,91,67.461669921875,204.03598022460938,84.70776677131653,-1,-1,-1
76,-1,373,100,64.787841796875,168.77871704101562,88.99905681610107,-1,-1,-1
76,-1,571,90,68.6552734375,205.7728271484375,88.79274725914001,-1,-1,-1
76,-1,463,98,67.16046142578125,182.34613037109375,87.63247728347778,-1,-1,-1
76,-1,176,92,53.084930419921875,159.80435180664062,86.37624382972717,-1,-1,-1
77,-1,463,97,70.97116088867188,182.8070068359375,87.27359771728516,-1,-1,-1
77,-1,177,91,53.2440185546875,160.2244873046875,86.48098707199097,-1,-1,-1
77,-1,573,93,66.20654296875,204.05545043945312,85.87511777877808,-1,-1,-1
77,-1,371,101,57.28948974609375,167.87889099121094,85.2211594581604,-1,-1,-1
77,-1,404,105,37.53289794921875,140.31875610351562,47.96990156173706,-1,-1,-1
77,-1,557,112,30.7889404296875,133.37451171875,35.3118896484375,-1,-1,-1
78,-1,368,100,57.31951904296875,167.29522705078125,88.06177973747253,-1,-1,-1
78,-1,177,91,52.633636474609375,161.20059204101562,87.21133470535278,-1,-1,-1
78,-1,465,94,75.03775024414062,186.21240234375,86.02637052536011,-1,-1,-1
78,-1,579,94,59.913818359375,200.20364379882812,84.41004157066345,-1,-1,-1
78,-1,403,104,39.013916015625,137.87704467773438,61.00783944129944,-1,-1,-1
78,-1,557,111,33.74951171875,141.90478515625,42.7154004573822,-1,-1,-1
79,-1,475,94,66.7047119140625,185.7294921875,88.31269145011902,-1,-1,-1
79,-1,177,90,53.69140625,161.7347412109375,88.24348449707031,-1,-1,-1
79,-1,582,91,57.82684326171875,202.08633422851562,87.60712146759033,-1,-1,-1
79,-1,369,101,52.39801025390625,167.14132690429688,86.99601888656616,-1,-1,-1
79,-1,403,106,39.7391357421875,134.38409423828125,67.92078018188477,-1,-1,-1
79,-1,555,104,38.0162353515625,140.34640502929688,42.122235894203186,-1,-1,-1
80,-1,479,94,66.07754516601562,186.6030731201172,91.2304699420929,-1,-1,-1
80,-1,367,97,50.33392333984375,171.09857177734375,88.21618556976318,-1,-1,-1
80,-1,582,92,57.33807373046875,199.74783325195312,88.10948133468628,-1,-1,-1
80,-1,177,90,54.467681884765625,161.58285522460938,88.06735873222351,-1,-1,-1
80,-1,404,107,38.03460693359375,133.7166748046875,71.36244773864746,-1,-1,-1
80,-1,552,105,42.3111572265625,139.58120727539062,47.04296290874481,-1,-1,-1
81,-1,366,96,49.61224365234375,171.20169067382812,90.36954641342163,-1,-1,-1
81,-1,482,94,68.83425903320312,187.1971435546875,89.18929100036621,-1,-1,-1
81,-1,179,89,52.886566162109375,163.35800170898438,86.07484102249146,-1,-1,-1
81,-1,583,94,56.5911865234375,198.2959442138672,82.37389326095581,-1,-1,-1
81,-1,403,107,39.63616943359375,135.86801147460938,72.23260998725891,-1,-1,-1
81,-1,563,108,39.6680908203125,161.27809143066406,42.915475368499756,-1,-1,-1
81,-1,548,107,46.923095703125,99.72970581054688,38.739362359046936,-1,-1,-1
81,-1,452,127,18.52581787109375,31.566429138183594,25.440195202827454,-1,-1,-1
82,-1,363,96,52.73883056640625,171.23959350585938,90.0794506072998,-1,-1,-1
82,-1,487,95,67.615478515625,184.233154296875,88.78639936447144,-1,-1,-1
82,-1,179,90,54.16058349609375,161.32275390625,87.19510436058044,-1,-1,-1
82,-1,586,92,53.953125,200.95480346679688,84.2937707901001,-1,-1,-1
82,-1,401,106,42.50811767578125,138.258544921875,71.67940735816956,-1,-1,-1
82,-1,562,109,42.8421630859375,161.2523193359375,48.29393029212952,-1,-1,-1
82,-1,551,109,35.5670166015625,91.23175048828125,31.143710017204285,-1,-1,-1
83,-1,360,95,54.96539306640625,170.7244415283203,88.53582739830017,-1,-1,-1
83,-1,490,98,69.28543090820312,179.3017578125,86.52838468551636,-1,-1,-1
83,-1,180,93,54.090484619140625,159.27035522460938,85.73415279388428,-1,-1,-1
83,-1,589,94,50.5997314453125,197.5528564453125,82.82464742660522,-1,-1,-1
83,-1,400,106,43.2283935546875,138.269775390625,78.02608013153076,-1,-1,-1
83,-1,560,110,49.408447265625,159.7736053466797,60.7806921005249,-1,-1,-1
83,-1,452,127,18.675048828125,31.984100341796875,25.745120644569397,-1,-1,-1
84,-1,493,98,67.736083984375,178.65231323242188,89.59723114967346,-1,-1,-1
84,-1,358,95,55.8143310546875,170.8077392578125,86.98117733001709,-1,-1,-1
84,-1,180,92,54.124053955078125,160.17642211914062,86.93207502365112,-1,-1,-1
84,-1,594,101,45.9573974609375,188.63079833984375,84.91281867027283,-1,-1,-1
84,-1,398,107,47.67388916015625,137.77899169921875,78.62740755081177,-1,-1,-1
84,-1,559,117,47.6383056640625,151.86679077148438,70.9601640701294,-1,-1,-1
84,-1,554,110,28.5257568359375,61.077667236328125,32.56638050079346,-1,-1,-1
84,-1,452,127,18.55487060546875,31.63037109375,27.480387687683105,-1,-1,-1
84,-1,527,103,70.89306640625,169.27362060546875,25.377941131591797,-1,-1,-1
85,-1,493,99,68.63021850585938,177.25112915039062,89.2526388168335,-1,-1,-1
85,-1,179,93,56.316650390625,160.20925903320312,87.68978118896484,-1,-1,-1
85,-1,354,93,57.66436767578125,172.70248413085938,87.45680451393127,-1,-1,-1
85,-1,396,107,50.2261962890625,136.9849853515625,83.6696207523346,-1,-1,-1
85,-1,600,102,39.522216796875,183.29812622070312,76.64160132408142,-1,-1,-1
85,-1,559,110,50.1146240234375,158.7129364013672,75.77250599861145,-1,-1,-1
85,-1,451,127,18.11065673828125,31.399322509765625,26.635321974754333,-1,-1,-1
86,-1,353,93,57.56072998046875,172.37994384765625,88.26617002487183,-1,-1,-1
86,-1,180,93,56.197906494140625,159.74563598632812,88.04710507392883,-1,-1,-1
86,-1,493,99,72.3311767578125,177.05877685546875,87.33542561531067,-1,-1,-1
86,-1,396,106,49.9490966796875,136.47421264648438,84.56732034683228,-1,-1,-1
86,-1,610,100,29.4039306640625,183.57022094726562,70.17992734909058,-1,-1,-1
86,-1,559,112,53.2982177734375,160.65420532226562,68.15670728683472,-1,-1,-1
86,-1,450,127,19.47674560546875,31.87091064453125,27.791500091552734,-1,-1,-1
87,-1,349,94,59.06500244140625,172.16839599609375,88.6015236377716,-1,-1,-1
87,-1,180,92,57.00494384765625,160.966064453125,87.77061700820923,-1,-1,-1
87,-1,493,99,73.8843994140625,178.77781677246094,86.78016066551208,-1,-1,-1
87,-1,396,107,51.036865234375,135.0489501953125,83.20527672767639,-1,-1,-1
87,-1,614,102,25.582763671875,181.24530029296875,75.94121098518372,-1,-1,-1
87,-1,556,112,45.0924072265625,155.27017211914062,65.16568064689636,-1,-1,-1
88,-1,348,94,58.78961181640625,172.85015869140625,88.68288993835449,-1,-1,-1
88,-1,180,93,58.8319091796875,160.32598876953125,88.48573565483093,-1,-1,-1
88,-1,495,100,76.481689453125,177.06430053710938,82.59682655334473,-1,-1,-1
88,-1,396,106,50.0721435546875,135.61581420898438,81.34816288948059,-1,-1,-1
88,-1,617,103,22.2076416015625,178.66783142089844,74.07260537147522,-1,-1,-1
88,-1,553,109,48.252197265625,163.36392211914062,62.35189437866211,-1,-1,-1
89,-1,345,95,60.62841796875,171.34381103515625,89.72343802452087,-1,-1,-1
89,-1,180,91,59.725372314453125,161.36996459960938,89.04103636741638,-1,-1,-1
89,-1,395,106,49.25006103515625,135.4881591796875,82.96559453010559,-1,-1,-1
89,-1,501,100,73.0172119140625,177.48300170898438,77.11309790611267,-1,-1,-1
89,-1,553,107,49.4708251953125,166.28895568847656,63.15775513648987,-1,-1,-1
89,-1,619,104,20.6846923828125,173.70278930664062,63.14701437950134,-1,-1,-1
89,-1,452,127,16.387451171875,29.922752380371094,27.301523089408875,-1,-1,-1
90,-1,337,95,68.19476318359375,171.760986328125,92.14574694633484,-1,-1,-1
90,-1,181,91,60.3516845703125,161.60916137695312,90.08090496063232,-1,-1,-1
90,-1,396,106,48.75921630859375,135.08413696289062,82.24003911018372,-1,-1,-1
90,-1,512,101,70.111572265625,177.55657958984375,72.90920615196228,-1,-1,-1
90,-1,557,109,41.4404296875,162.65908813476562,56.384629011154175,-1,-1,-1
90,-1,621,109,18.3604736328125,93.0333480834961,41.35192930698395,-1,-1,-1
90,-1,451,127,17.72381591796875,30.0389404296875,27.15616524219513,-1,-1,-1
91,-1,333,93,69.87164306640625,173.54226684570312,93.34072470664978,-1,-1,-1
91,-1,183,90,58.943023681640625,161.59222412109375,89.98239636421204,-1,-1,-1
91,-1,517,101,69.371337890625,175.16189575195312,86.80779933929443,-1,-1,-1
91,-1,395,106,47.86572265625,135.076904296875,81.70000910758972,-1,-1,-1
91,-1,622,111,17.689697265625,86.98077392578125,37.2844934463501,-1,-1,-1
91,-1,450,126,18.98956298828125,30.34691619873047,25.907456874847412,-1,-1,-1
92,-1,329,93,71.8292236328125,172.53103637695312,92.84062385559082,-1,-1,-1
92,-1,183,89,59.059844970703125,163.73898315429688,89.78317379951477,-1,-1,-1
92,-1,522,99,67.68896484375,175.5851287841797,86.5818202495575,-1,-1,-1
92,-1,394,107,49.3074951171875,134.60763549804688,82.55729675292969,-1,-1,-1
92,-1,624,116,15.0147705078125,81.62035369873047,35.15067994594574,-1,-1,-1
92,-1,451,127,17.71044921875,30.820556640625,30.034139752388,-1,-1,-1
93,-1,325,96,74.35467529296875,169.751708984375,92.49070286750793,-1,-1,-1
93,-1,184,90,59.1016845703125,163.32452392578125,88.99379372596741,-1,-1,-1
93,-1,519,98,76.259033203125,171.82899475097656,88.85288834571838,-1,-1,-1
93,-1,391,107,50.559814453125,134.58657836914062,83.31823945045471,-1,-1,-1
93,-1,626,118,13.282470703125,78.51287841796875,32.93011486530304,-1,-1,-1
93,-1,452,127,17.3477783203125,30.52802276611328,29.797911643981934,-1,-1,-1
94,-1,325,98,72.26251220703125,168.74758911132812,92.07689762115479,-1,-1,-1
94,-1,184,90,59.53680419921875,162.15283203125,90.65337777137756,-1,-1,-1
94,-1,514,98,78.8489990234375,173.66351318359375,89.4465446472168,-1,-1,-1
94,-1,390,107,51.155517578125,134.77450561523438,83.12126398086548,-1,-1,-1
94,-1,451,126,18.49652099609375,31.10631561279297,27.592948079109192,-1,-1,-1
95,-1,326,97,69.914794921875,169.35617065429688,92.48696565628052,-1,-1,-1
95,-1,185,89,58.75665283203125,163.01443481445312,89.95750546455383,-1,-1,-1
95,-1,517,98,77.7491455078125,174.30398559570312,84.12768244743347,-1,-1,-1
95,-1,390,107,50.87176513671875,134.93124389648438,82.8543484210968,-1,-1,-1
95,-1,452,127,17.57049560546875,30.91473388671875,30.543890595436096,-1,-1,-1
96,-1,326,98,68.76995849609375,168.18316650390625,91.28381013870239,-1,-1,-1
96,-1,185,89,58.74493408203125,162.33584594726562,90.9091055393219,-1,-1,-1
96,-1,390,107,51.19940185546875,135.05459594726562,83.03922414779663,-1,-1,-1
96,-1,521,99,75.5003662109375,173.6903533935547,79.99394536018372,-1,-1,-1
96,-1,512,115,44.8968505859375,151.96580505371094,38.999563455581665,-1,-1,-1
96,-1,451,127,18.79901123046875,31.141265869140625,26.591160893440247,-1,-1,-1
97,-1,324,96,68.63031005859375,170.35330200195312,91.80096387863159,-1,-1,-1
97,-1,185,89,58.784454345703125,160.99151611328125,90.78606367111206,-1,-1,-1
97,-1,541,100,72.3544921875,172.0994415283203,86.26851439476013,-1,-1,-1
97,-1,389,107,53.36456298828125,134.82681274414062,84.23055410385132,-1,-1,-1
97,-1,510,120,42.8009033203125,146.83018493652344,68.80460977554321,-1,-1,-1
97,-1,451,127,17.84552001953125,31.199920654296875,28.50261926651001,-1,-1,-1
98,-1,323,95,67.61810302734375,171.065673828125,91.67491793632507,-1,-1,-1
98,-1,185,89,58.856842041015625,162.00283813476562,90.20954966545105,-1,-1,-1
98,-1,387,107,51.8798828125,135.96926879882812,84.34776067733765,-1,-1,-1
98,-1,543,102,74.134765625,169.48495483398438,82.4878454208374,-1,-1,-1
98,-1,510,115,44.8782958984375,152.70762634277344,75.52788257598877,-1,-1,-1
99,-1,323,94,65.57879638671875,171.36083984375,91.34365320205688,-1,-1,-1
99,-1,185,89,59.2286376953125,161.36871337890625,90.18339514732361,-1,-1,-1
99,-1,386,107,53.1805419921875,136.5198974609375,84.23033356666565,-1,-1,-1
99,-1,542,103,76.6866455078125,170.1487579345703,75.18749237060547,-1,-1,-1
99,-1,509,114,49.3408203125,154.39617919921875,75.03467202186584,-1,-1,-1
99,-1,452,127,17.51031494140625,30.762939453125,26.143527030944824,-1,-1,-1
100,-1,322,95,64.1446533203125,169.22830200195312,91.29060506820679,-1,-1,-1
100,-1,185,90,59.078094482421875,160.8646240234375,89.49165344238281,-1,-1,-1
100,-1,386,107,52.770751953125,136.53909301757812,84.90272760391235,-1,-1,-1
100,-1,541,103,76.3369140625,171.4192352294922,77.60342359542847,-1,-1,-1
100,-1,506,115,49.71875,152.42404174804688,73.88866543769836,-1,-1,-1
100,-1,452,127,18.26422119140625,30.78565216064453,27.39398181438446,-1,-1,-1
101,-1,321,94,62.76593017578125,169.5525665283203,91.26317501068115,-1,-1,-1
101,-1,185,90,59.296478271484375,159.92221069335938,89.82163071632385,-1,-1,-1
101,-1,546,102,75.1346435546875,171.0172119140625,87.16080784797668,-1,-1,-1
101,-1,385,107,53.48260498046875,134.3238525390625,83.3539605140686,-1,-1,-1
101,-1,505,115,48.041107177734375,151.42294311523438,75.76032876968384,-1,-1,-1
101,-1,452,127,17.90399169921875,30.861328125,26.336267590522766,-1,-1,-1
102,-1,318,94,63.86248779296875,169.085205078125,91.04199409484863,-1,-1,-1
102,-1,551,101,68.3095703125,172.4425048828125,90.04011154174805,-1,-1,-1
102,-1,186,91,58.427764892578125,160.95779418945312,89.27428722381592,-1,-1,-1
102,-1,385,106,53.6431884765625,136.62057495117188,84.2357337474823,-1,-1,-1
102,-1,504,116,45.4871826171875,150.33163452148438,73.36986064910889,-1,-1,-1
102,-1,524,111,41.93896484375,141.0040283203125,38.55695426464081,-1,-1,-1
103,-1,316,94,62.6875,168.38662719726562,90.72709083557129,-1,-1,-1
103,-1,186,91,57.618438720703125,160.3515625,89.24824595451355,-1,-1,-1
103,-1,559,101,61.88134765625,169.65594482421875,88.6962354183197,-1,-1,-1
103,-1,384,105,53.9991455078125,136.94729614257812,84.22421216964722,-1,-1,-1
103,-1,500,115,44.940216064453125,151.20733642578125,75.68036317825317,-1,-1,-1
103,-1,535,108,37.5081787109375,141.56829833984375,57.949310541152954,-1,-1,-1
103,-1,452,126,18.3935546875,31.339759826660156,25.995787978172302,-1,-1,-1
104,-1,315,95,59.56622314453125,169.9832763671875,90.38613438606262,-1,-1,-1
104,-1,186,91,57.41363525390625,160.58853149414062,88.11032176017761,-1,-1,-1
104,-1,566,99,56.777099609375,169.05140686035156,87.29564547538757,-1,-1,-1
104,-1,383,105,54.88177490234375,137.148681640625,81.96107149124146,-1,-1,-1
104,-1,496,117,47.13134765625,148.95697021484375,75.6483256816864,-1,-1,-1
104,-1,536,109,38.0657958984375,138.06640625,63.21849822998047,-1,-1,-1
105,-1,314,95,58.192626953125,169.3338623046875,89.97164368629456,-1,-1,-1
105,-1,570,98,55.3536376953125,171.01687622070312,88.1509006023407,-1,-1,-1
105,-1,186,91,58.016143798828125,160.728759765625,87.95517086982727,-1,-1,-1
105,-1,383,105,55.29522705078125,137.19964599609375,81.4595639705658,-1,-1,-1
105,-1,488,127,53.0008544921875,137.72215270996094,80.5268406867981,-1,-1,-1
105,-1,533,106,43.0069580078125,140.26351928710938,65.00372886657715,-1,-1,-1
106,-1,312,94,57.0335693359375,168.47320556640625,89.57493901252747,-1,-1,-1
106,-1,186,90,57.639007568359375,161.30831909179688,87.81080842018127,-1,-1,-1
106,-1,576,97,55.7440185546875,171.7923583984375,86.669260263443,-1,-1,-1
106,-1,383,106,55.01556396484375,136.78530883789062,81.5231442451477,-1,-1,-1
106,-1,532,106,44.763671875,139.89779663085938,69.4777250289917,-1,-1,-1
106,-1,475,113,65.5906982421875,152.85211181640625,67.91918873786926,-1,-1,-1
106,-1,452,127,18.35150146484375,31.765464782714844,27.205467224121094,-1,-1,-1
107,-1,310,94,56.9642333984375,168.175048828125,89.61268663406372,-1,-1,-1
107,-1,185,90,58.16156005859375,161.13800048828125,87.73508071899414,-1,-1,-1
107,-1,577,98,59.84521484375,171.94151306152344,87.24521398544312,-1,-1,-1
107,-1,383,106,54.0465087890625,136.4774169921875,80.53963780403137,-1,-1,-1
107,-1,470,117,69.89068603515625,147.48643493652344,73.96209239959717,-1,-1,-1
107,-1,529,107,45.109375,137.67715454101562,73.54128956794739,-1,-1,-1
107,-1,452,127,19.2950439453125,32.489776611328125,25.47551989555359,-1,-1,-1
108,-1,581,99,58.187255859375,171.87478637695312,89.69545364379883,-1,-1,-1
108,-1,309,96,57.7255859375,168.2461395263672,89.29585814476013,-1,-1,-1
108,-1,185,90,58.809356689453125,162.40869140625,89.21367526054382,-1,-1,-1
108,-1,384,106,52.41064453125,137.02972412109375,81.2240719795227,-1,-1,-1
108,-1,460,113,77.12771606445312,152.35006713867188,74.3847668170929,-1,-1,-1
108,-1,527,108,45.737548828125,138.89926147460938,72.6616382598877,-1,-1,-1
108,-1,452,127,19.0047607421875,32.69268035888672,26.49540603160858,-1,-1,-1
109,-1,185,90,57.8272705078125,161.19757080078125,89.68720436096191,-1,-1,-1
109,-1,582,102,57.95379638671875,168.77230834960938,88.39938640594482,-1,-1,-1
109,-1,309,97,56.56988525390625,166.14117431640625,88.1827175617218,-1,-1,-1
109,-1,384,106,52.74810791015625,138.1058349609375,80.3741991519928,-1,-1,-1
109,-1,457,113,79.57290649414062,152.368896484375,76.6457200050354,-1,-1,-1
109,-1,525,108,46.7900390625,139.342529296875,72.8546142578125,-1,-1,-1
110,-1,307,95,56.8533935546875,169.19137573242188,90.36298990249634,-1,-1,-1
110,-1,185,89,57.673492431640625,161.791015625,89.05602097511292,-1,-1,-1
110,-1,586,99,53.7384033203125,169.5077362060547,87.98138499259949,-1,-1,-1
110,-1,456,114,80.94900512695312,151.74981689453125,83.74724984169006,-1,-1,-1
110,-1,384,106,52.81842041015625,138.54248046875,81.60197734832764,-1,-1,-1
110,-1,522,110,50.039794921875,137.50631713867188,72.07383513450623,-1,-1,-1
111,-1,185,88,58.415008544921875,162.6534423828125,90.2100145816803,-1,-1,-1
111,-1,307,94,56.8314208984375,169.55996704101562,90.04654884338379,-1,-1,-1
111,-1,588,100,51.908935546875,167.58673095703125,87.56069540977478,-1,-1,-1
111,-1,384,106,53.60260009765625,138.3634033203125,82.60565400123596,-1,-1,-1
111,-1,455,117,81.33786010742188,147.94915771484375,81.48537874221802,-1,-1,-1
111,-1,517,109,54.298828125,142.59478759765625,70.54636478424072,-1,-1,-1
112,-1,185,89,58.402496337890625,161.92608642578125,89.90530967712402,-1,-1,-1
112,-1,305,95,56.72491455078125,168.476318359375,89.36395645141602,-1,-1,-1
112,-1,591,100,48.0408935546875,166.73196411132812,88.36564421653748,-1,-1,-1
112,-1,454,117,81.98245239257812,147.66128540039062,82.88074135780334,-1,-1,-1
112,-1,384,107,53.905029296875,138.60296630859375,81.22333884239197,-1,-1,-1
112,-1,516,111,52.356201171875,140.16720581054688,71.69933915138245,-1,-1,-1
113,-1,185,90,58.013458251953125,161.02816772460938,90.88211059570312,-1,-1,-1
113,-1,304,95,57.13134765625,168.10386657714844,88.18299770355225,-1,-1,-1
113,-1,595,100,44.48486328125,166.25387573242188,86.33190393447876,-1,-1,-1
113,-1,453,117,83.4697265625,148.5204315185547,85.09400486946106,-1,-1,-1
113,-1,385,107,56.6024169921875,139.14459228515625,80.06626963615417,-1,-1,-1
113,-1,513,108,53.64111328125,141.2088623046875,75.2738893032074,-1,-1,-1
114,-1,187,90,56.803924560546875,161.00613403320312,89.5461916923523,-1,-1,-1
114,-1,304,96,56.25103759765625,166.319091796875,89.20859694480896,-1,-1,-1
114,-1,597,98,42.52630615234375,169.53094482421875,87.15062141418457,-1,-1,-1
114,-1,453,116,78.9783935546875,148.81764221191406,86.91762685775757,-1,-1,-1
114,-1,385,107,56.144287109375,139.3155517578125,83.69408249855042,-1,-1,-1
114,-1,510,109,55.6636962890625,140.3916015625,81.05114698410034,-1,-1,-1
115,-1,186,90,58.611297607421875,160.93475341796875,90.01136422157288,-1,-1,-1
115,-1,304,96,55.2137451171875,166.08609008789062,88.84245753288269,-1,-1,-1
115,-1,599,98,40.32257080078125,171.27503967285156,87.57624626159668,-1,-1,-1
115,-1,508,110,55.39404296875,141.252685546875,84.30364727973938,-1,-1,-1
115,-1,387,108,55.577880859375,139.00906372070312,83.82359147071838,-1,-1,-1
115,-1,453,114,72.62118530273438,151.57901000976562,83.3348274230957,-1,-1,-1
116,-1,186,89,58.43280029296875,161.94839477539062,90.94628095626831,-1,-1,-1
116,-1,303,97,54.7386474609375,164.35548400878906,88.45331072807312,-1,-1,-1
116,-1,386,108,58.35528564453125,139.65676879882812,86.00737452507019,-1,-1,-1
116,-1,600,98,39.337158203125,168.49118041992188,85.75775027275085,-1,-1,-1
116,-1,453,112,69.17636108398438,152.24404907226562,84.70905423164368,-1,-1,-1
116,-1,506,110,56.796966552734375,139.75643920898438,84.53075289726257,-1,-1,-1
117,-1,186,88,58.8970947265625,162.37750244140625,91.13743901252747,-1,-1,-1
117,-1,507,110,54.0142822265625,140.28143310546875,87.35142946243286,-1,-1,-1
117,-1,303,96,52.89471435546875,164.97412109375,87.23387718200684,-1,-1,-1
117,-1,387,108,58.0545654296875,140.39242553710938,86.47679090499878,-1,-1,-1
117,-1,603,96,36.31298828125,169.88967895507812,85.8491063117981,-1,-1,-1
117,-1,448,112,68.02267456054688,148.2703399658203,78.44536900520325,-1,-1,-1
118,-1,186,88,58.99066162109375,163.01199340820312,91.14792943000793,-1,-1,-1
118,-1,303,95,51.122314453125,164.78082275390625,86.82097792625427,-1,-1,-1
118,-1,506,111,53.8116455078125,141.00030517578125,86.59325242042542,-1,-1,-1
118,-1,388,108,59.69207763671875,140.90597534179688,85.62211990356445,-1,-1,-1
118,-1,606,95,32.984130859375,168.58892822265625,82.24547505378723,-1,-1,-1
118,-1,448,120,56.26214599609375,143.84780883789062,81.37745261192322,-1,-1,-1
119,-1,188,90,57.91473388671875,161.11703491210938,90.77621698379517,-1,-1,-1
119,-1,302,95,51.8466796875,165.58740234375,88.06847929954529,-1,-1,-1
119,-1,388,108,57.94775390625,138.82882690429688,84.41312313079834,-1,-1,-1
119,-1,505,108,50.5616455078125,142.90243530273438,82.39181637763977,-1,-1,-1
119,-1,446,112,49.30987548828125,151.68951416015625,81.76150321960449,-1,-1,-1
119,-1,607,95,32.1329345703125,168.10226440429688,80.98385334014893,-1,-1,-1
120,-1,189,89,57.5255126953125,161.58755493164062,90.57149887084961,-1,-1,-1
120,-1,301,94,51.4696044921875,166.74647521972656,88.32600712776184,-1,-1,-1
120,-1,391,107,55.20538330078125,137.99215698242188,85.87316870689392,-1,-1,-1
120,-1,505,109,49.009521484375,140.9725341796875,80.04588484764099,-1,-1,-1
120,-1,442,112,44.4857177734375,150.14251708984375,79.38286662101746,-1,-1,-1
120,-1,609,95,30.2099609375,168.51278686523438,79.36934232711792,-1,-1,-1
121,-1,190,90,57.34954833984375,160.631103515625,90.6140387058258,-1,-1,-1
121,-1,301,94,49.3858642578125,162.9241943359375,85.81764698028564,-1,-1,-1
121,-1,393,107,49.81768798828125,138.79364013671875,83.27962160110474,-1,-1,-1
121,-1,611,97,28.0587158203125,167.51998901367188,83.12402367591858,-1,-1,-1
121,-1,501,110,50.2354736328125,139.87713623046875,82.27164149284363,-1,-1,-1
121,-1,440,110,45.7796630859375,152.56521606445312,81.84863924980164,-1,-1,-1
122,-1,190,90,57.80401611328125,160.63241577148438,89.99300003051758,-1,-1,-1
122,-1,300,93,50.65130615234375,161.74148559570312,87.31030225753784,-1,-1,-1
122,-1,500,109,49.2838134765625,141.17724609375,83.73437523841858,-1,-1,-1
122,-1,615,99,24.6240234375,164.80506896972656,81.71122074127197,-1,-1,-1
122,-1,436,109,46.576904296875,154.68850708007812,79.47503328323364,-1,-1,-1
122,-1,395,106,46.32550048828125,139.74273681640625,79.36844825744629,-1,-1,-1
123,-1,191,90,58.250091552734375,160.6307373046875,89.7778868675232,-1,-1,-1
123,-1,300,93,49.91510009765625,161.1475830078125,88.00663352012634,-1,-1,-1
123,-1,616,107,22.9267578125,157.1077880859375,82.24842548370361,-1,-1,-1
123,-1,498,108,51.014892578125,142.71023559570312,81.77744746208191,-1,-1,-1
123,-1,433,110,46.39691162109375,153.9065704345703,80.7981014251709,-1,-1,-1
123,-1,396,107,43.50067138671875,139.92074584960938,79.4359564781189,-1,-1,-1
124,-1,192,91,57.828765869140625,159.94747924804688,89.76392149925232,-1,-1,-1
124,-1,299,93,49.99725341796875,162.242919921875,89.21315670013428,-1,-1,-1
124,-1,498,108,51.8709716796875,143.56204223632812,83.66391062736511,-1,-1,-1
124,-1,425,115,53.60125732421875,148.2668914794922,82.82427191734314,-1,-1,-1
124,-1,398,106,41.8779296875,142.81304931640625,81.64771795272827,-1,-1,-1
124,-1,619,119,20.61279296875,143.0990447998047,74.49491620063782,-1,-1,-1
125,-1,298,93,49.98883056640625,162.37850952148438,89.72344994544983,-1,-1,-1
125,-1,192,91,57.580047607421875,160.0699462890625,89.59487676620483,-1,-1,-1
125,-1,496,109,53.7469482421875,141.86529541015625,83.00011157989502,-1,-1,-1
125,-1,399,108,39.990478515625,143.18310546875,75.8793294429779,-1,-1,-1
125,-1,622,124,16.9068603515625,140.03646850585938,73.60835671424866,-1,-1,-1
125,-1,417,112,59.28460693359375,150.10935974121094,71.7903733253479,-1,-1,-1
126,-1,296,93,50.83599853515625,163.43026733398438,90.30489921569824,-1,-1,-1
126,-1,193,91,57.877960205078125,158.89688110351562,89.08350467681885,-1,-1,-1
126,-1,491,108,55.5843505859375,143.93417358398438,84.73685383796692,-1,-1,-1
126,-1,415,114,63.54083251953125,147.51229858398438,74.10692572593689,-1,-1,-1
126,-1,625,128,13.9154052734375,136.736328125,62.80130743980408,-1,-1,-1
126,-1,396,109,45.1253662109375,145.833251953125,60.670655965805054,-1,-1,-1
126,-1,375,307,20.82635498046875,35.97088623046875,28.653985261917114,-1,-1,-1
127,-1,295,93,53.70208740234375,163.55441284179688,90.15064239501953,-1,-1,-1
127,-1,193,91,56.9261474609375,158.64859008789062,89.65613842010498,-1,-1,-1
127,-1,490,108,54.305450439453125,143.98086547851562,87.0422899723053,-1,-1,-1
127,-1,407,113,70.86700439453125,148.52633666992188,84.75594520568848,-1,-1,-1
127,-1,627,133,12.351806640625,129.57540893554688,45.50277888774872,-1,-1,-1
127,-1,397,109,41.59844970703125,123.73260498046875,41.46255552768707,-1,-1,-1
128,-1,193,91,57.10186767578125,158.55709838867188,89.6205723285675,-1,-1,-1
128,-1,293,93,53.088134765625,164.0009765625,88.70018720626831,-1,-1,-1
128,-1,406,110,70.51416015625,151.39810180664062,86.66887283325195,-1,-1,-1
128,-1,488,109,54.762481689453125,142.52899169921875,86.06675863265991,-1,-1,-1
128,-1,626,133,13.0963134765625,128.28260803222656,40.631383657455444,-1,-1,-1
128,-1,396,109,40.6646728515625,120.65853881835938,34.3368798494339,-1,-1,-1
129,-1,285,94,62.7945556640625,164.15313720703125,89.61412906646729,-1,-1,-1
129,-1,193,91,57.21075439453125,158.13330078125,89.51494097709656,-1,-1,-1
129,-1,404,110,71.20458984375,151.13803100585938,85.56692600250244,-1,-1,-1
129,-1,484,110,58.3177490234375,142.40786743164062,83.22786688804626,-1,-1,-1
129,-1,395,110,41.720947265625,115.34036254882812,27.025416493415833,-1,-1,-1
130,-1,280,94,66.867431640625,163.5269317626953,89.37564492225647,-1,-1,-1
130,-1,194,91,56.132110595703125,157.97042846679688,89.26113247871399,-1,-1,-1
130,-1,402,111,70.52911376953125,150.7746124267578,83.77594947814941,-1,-1,-1
130,-1,481,109,59.192169189453125,145.11801147460938,81.78262710571289,-1,-1,-1
131,-1,275,95,71.92132568359375,162.06332397460938,90.37993550300598,-1,-1,-1
131,-1,194,91,55.725067138671875,157.311279296875,89.4165575504303,-1,-1,-1
131,-1,401,111,65.3131103515625,150.87049865722656,83.98289084434509,-1,-1,-1
131,-1,479,110,59.0091552734375,142.02084350585938,79.47002053260803,-1,-1,-1
131,-1,0,67,31.883670806884766,228.0601806640625,26.854094862937927,-1,-1,-1
132,-1,276,96,68.4344482421875,161.0019073486328,90.44208526611328,-1,-1,-1
132,-1,194,91,56.0023193359375,156.94015502929688,88.42942118644714,-1,-1,-1
132,-1,401,113,59.66064453125,147.97006225585938,84.57084894180298,-1,-1,-1
132,-1,477,112,57.859771728515625,140.86856079101562,82.53421187400818,-1,-1,-1
132,-1,0,69,38.35472106933594,149.78787231445312,30.99132478237152,-1,-1,-1
133,-1,276,97,67.744873046875,159.9512939453125,89.85522389411926,-1,-1,-1
133,-1,193,91,56.46441650390625,156.94876098632812,88.86283040046692,-1,-1,-1
133,-1,399,110,56.5255126953125,150.980224609375,85.23337841033936,-1,-1,-1
133,-1,470,112,63.59844970703125,140.79434204101562,81.21178150177002,-1,-1,-1
133,-1,0,68,44.032020568847656,151.573486328125,48.738572001457214,-1,-1,-1
134,-1,275,96,66.0499267578125,160.5357666015625,89.9572491645813,-1,-1,-1
134,-1,193,91,56.613555908203125,157.18093872070312,88.85682225227356,-1,-1,-1
134,-1,399,110,54.53570556640625,151.92800903320312,85.86971759796143,-1,-1,-1
134,-1,467,111,64.4791259765625,141.05511474609375,83.20744037628174,-1,-1,-1
134,-1,0,77,47.627479553222656,167.59710693359375,46.07532620429993,-1,-1,-1
135,-1,276,100,65.1046142578125,157.83319091796875,90.00574350357056,-1,-1,-1
135,-1,192,90,56.824432373046875,157.89663696289062,89.17608261108398,-1,-1,-1
135,-1,398,107,52.56134033203125,154.61415100097656,86.04650497436523,-1,-1,-1
135,-1,468,111,60.870147705078125,139.56573486328125,81.68893456459045,-1,-1,-1
135,-1,0,120,51.072418212890625,88.52679443359375,72.52237200737,-1,-1,-1
136,-1,192,90,55.72015380859375,158.2498779296875,89.74170088768005,-1,-1,-1
136,-1,275,98,62.98114013671875,158.34317016601562,89.28327560424805,-1,-1,-1
136,-1,397,107,54.801025390625,152.445068359375,84.69653129577637,-1,-1,-1
136,-1,465,112,61.75494384765625,139.67593383789062,74.56536889076233,-1,-1,-1
136,-1,0,120,53.41557312011719,99.89373779296875,63.454681634902954,-1,-1,-1
137,-1,192,90,55.74896240234375,157.58273315429688,89.82096314430237,-1,-1,-1
137,-1,274,97,61.9190673828125,159.0178680419922,89.24475312232971,-1,-1,-1
137,-1,395,107,57.221923828125,151.59365844726562,85.13836860656738,-1,-1,-1
137,-1,465,111,58.52685546875,140.06796264648438,71.27953767776489,-1,-1,-1
137,-1,0,117,54.698143005371094,96.17721557617188,65.72248935699463,-1,-1,-1
138,-1,192,91,53.246551513671875,157.23291015625,90.4200553894043,-1,-1,-1
138,-1,272,97,62.742919921875,159.366455078125,87.54527568817139,-1,-1,-1
138,-1,394,107,57.48028564453125,151.49649047851562,80.67272305488586,-1,-1,-1
138,-1,463,112,55.37115478515625,139.1888427734375,70.80242037773132,-1,-1,-1
138,-1,0,113,54.871009826660156,138.92001342773438,63.979458808898926,-1,-1,-1
139,-1,190,91,54.6192626953125,156.62408447265625,90.00141024589539,-1,-1,-1
139,-1,271,96,62.5887451171875,159.6512451171875,89.22043442726135,-1,-1,-1
139,-1,384,108,69.58465576171875,149.14910888671875,76.2934684753418,-1,-1,-1
139,-1,464,112,52.463134765625,140.91326904296875,72.51585721969604,-1,-1,-1
139,-1,1,112,52.821006774902344,165.23489379882812,70.55050730705261,-1,-1,-1
140,-1,191,91,53.71636962890625,155.93939208984375,90.09559750556946,-1,-1,-1
140,-1,272,96,60.86663818359375,160.29200744628906,89.23203945159912,-1,-1,-1
140,-1,463,112,49.364532470703125,140.812255859375,74.39577579498291,-1,-1,-1
140,-1,376,109,73.0404052734375,148.6524658203125,72.10437059402466,-1,-1,-1
140,-1,3,105,48.4002685546875,175.5727996826172,63.21663856506348,-1,-1,-1
140,-1,421,109,34.4288330078125,142.61666870117188,31.874871253967285,-1,-1,-1
141,-1,189,91,54.450469970703125,155.41110229492188,90.09032845497131,-1,-1,-1
141,-1,272,99,60.3865966796875,156.57867431640625,89.44514393806458,-1,-1,-1
141,-1,462,112,48.2427978515625,140.6226806640625,75.53169131278992,-1,-1,-1
141,-1,368,111,66.64007568359375,148.16015625,73.23364019393921,-1,-1,-1
141,-1,403,109,50.90716552734375,145.84381103515625,55.99648356437683,-1,-1,-1
141,-1,8,101,42.432342529296875,177.44522094726562,55.553579330444336,-1,-1,-1
142,-1,189,91,53.21807861328125,156.28131103515625,89.64308500289917,-1,-1,-1
142,-1,271,93,59.98773193359375,161.88214111328125,87.61394619941711,-1,-1,-1
142,-1,461,112,48.334228515625,140.1373291015625,78.92841696739197,-1,-1,-1
142,-1,365,113,71.64739990234375,146.2861328125,75.20484328269958,-1,-1,-1
142,-1,15,108,39.15557861328125,169.1456298828125,69.70553398132324,-1,-1,-1
142,-1,412,110,42.105224609375,145.73875427246094,54.821574687957764,-1,-1,-1
143,-1,188,91,53.759490966796875,155.80572509765625,89.71297144889832,-1,-1,-1
143,-1,269,93,60.29034423828125,162.16567993164062,89.42678570747375,-1,-1,-1
143,-1,461,114,50.64056396484375,138.552734375,80.95973134040833,-1,-1,-1
143,-1,17,109,43.181007385253906,172.19366455078125,78.39648127555847,-1,-1,-1
143,-1,363,114,66.3101806640625,144.7581024169922,77.90368795394897,-1,-1,-1
143,-1,413,111,40.40911865234375,146.21438598632812,68.6126172542572,-1,-1,-1
144,-1,267,91,61.352294921875,162.59149169921875,90.46244621276855,-1,-1,-1
144,-1,187,91,53.436676025390625,156.04452514648438,90.25797843933105,-1,-1,-1
144,-1,363,114,64.783447265625,144.62069702148438,82.60765075683594,-1,-1,-1
144,-1,461,114,50.45758056640625,138.61703491210938,80.10847568511963,-1,-1,-1
144,-1,412,111,42.25579833984375,145.9638671875,76.62322521209717,-1,-1,-1
144,-1,18,111,49.3878288269043,174.88748168945312,76.61928534507751,-1,-1,-1
145,-1,266,92,59.95672607421875,160.9066162109375,89.6589994430542,-1,-1,-1
145,-1,187,90,53.489532470703125,158.44000244140625,89.51823711395264,-1,-1,-1
145,-1,363,115,64.3740234375,143.32461547851562,84.16885137557983,-1,-1,-1
145,-1,23,113,67.53132629394531,168.82180786132812,83.30032229423523,-1,-1,-1
145,-1,410,111,44.85382080078125,147.22662353515625,79.49487566947937,-1,-1,-1
145,-1,460,114,50.89642333984375,140.34963989257812,79.15154099464417,-1,-1,-1
146,-1,265,91,59.51708984375,162.2467041015625,90.19626379013062,-1,-1,-1
146,-1,187,91,53.18341064453125,156.84786987304688,89.7595465183258,-1,-1,-1
146,-1,25,115,68.93110656738281,166.23489379882812,87.02017664909363,-1,-1,-1
146,-1,362,115,64.22955322265625,143.8101348876953,85.19256711006165,-1,-1,-1
146,-1,408,112,47.91131591796875,146.80433654785156,82.8964352607727,-1,-1,-1
146,-1,459,115,52.44537353515625,141.84521484375,81.33987784385681,-1,-1,-1
147,-1,264,90,58.00323486328125,163.0909423828125,90.41134715080261,-1,-1,-1
147,-1,187,89,52.98016357421875,158.20748901367188,89.82837200164795,-1,-1,-1
147,-1,23,114,78.31454467773438,167.6206817626953,88.39178681373596,-1,-1,-1
147,-1,362,114,64.49078369140625,144.7041473388672,87.43212223052979,-1,-1,-1
147,-1,409,111,46.48699951171875,145.2742462158203,82.68559575080872,-1,-1,-1
147,-1,458,114,51.1123046875,141.5128173828125,79.52235341072083,-1,-1,-1
148,-1,262,90,56.43798828125,163.21746826171875,90.25578498840332,-1,-1,-1
148,-1,186,88,52.93017578125,159.81784057617188,89.96871709823608,-1,-1,-1
148,-1,24,114,83.38792419433594,172.10784912109375,86.83792352676392,-1,-1,-1
148,-1,364,114,59.57281494140625,144.55703735351562,86.75775527954102,-1,-1,-1
148,-1,410,112,47.35479736328125,146.316650390625,82.29943513870239,-1,-1,-1
148,-1,458,115,48.1937255859375,141.00747680664062,80.7326078414917,-1,-1,-1
149,-1,261,91,55.1549072265625,162.12936401367188,90.47715067863464,-1,-1,-1
149,-1,186,89,52.70941162109375,159.1990966796875,89.85676765441895,-1,-1,-1
149,-1,23,115,87.26388549804688,172.17794799804688,89.25203680992126,-1,-1,-1
149,-1,407,112,49.671875,144.13494873046875,86.65711879730225,-1,-1,-1
149,-1,362,110,60.25994873046875,145.17193603515625,85.58465838432312,-1,-1,-1
149,-1,456,115,49.49346923828125,141.48431396484375,82.5165867805481,-1,-1,-1
150,-1,186,88,52.437042236328125,159.83395385742188,89.65045809745789,-1,-1,-1
150,-1,261,91,53.73455810546875,161.55926513671875,89.55796360969543,-1,-1,-1
150,-1,26,114,85.64054870605469,172.97998046875,89.03793096542358,-1,-1,-1
150,-1,406,111,50.4991455078125,144.32867431640625,88.35935592651367,-1,-1,-1
150,-1,361,111,57.6021728515625,141.92315673828125,85.33616662025452,-1,-1,-1
150,-1,456,114,48.164306640625,143.9086456298828,83.75239372253418,-1,-1,-1
151,-1,260,91,52.09466552734375,160.64111328125,90.00580310821533,-1,-1,-1
151,-1,186,89,53.6953125,159.09152221679688,89.53524231910706,-1,-1,-1
151,-1,407,111,50.20391845703125,143.08740234375,89.2385482788086,-1,-1,-1
151,-1,31,114,81.11738586425781,172.9759521484375,85.5059266090393,-1,-1,-1
151,-1,359,110,54.38385009765625,143.60906982421875,84.89761352539062,-1,-1,-1
151,-1,455,113,48.28759765625,142.63702392578125,82.12518692016602,-1,-1,-1
152,-1,260,93,52.41070556640625,160.22259521484375,89.66667652130127,-1,-1,-1
152,-1,185,89,53.1826171875,158.76220703125,88.98259997367859,-1,-1,-1
152,-1,408,111,47.94403076171875,142.7313232421875,87.76960372924805,-1,-1,-1
152,-1,358,109,49.76336669921875,145.67449951171875,85.66949367523193,-1,-1,-1
152,-1,32,114,78.93141174316406,172.01162719726562,84.68949794769287,-1,-1,-1
152,-1,453,112,49.340576171875,143.00717163085938,80.87345361709595,-1,-1,-1
153,-1,259,92,51.37738037109375,161.181884765625,89.11263346672058,-1,-1,-1
153,-1,186,89,53.161376953125,157.97833251953125,88.8079822063446,-1,-1,-1
153,-1,410,112,44.7177734375,142.8798828125,86.75156831741333,-1,-1,-1
153,-1,357,110,45.31201171875,144.97891235351562,83.0806016921997,-1,-1,-1
153,-1,451,111,50.93548583984375,144.06820678710938,82.42274522781372,-1,-1,-1
153,-1,41,114,71.61613464355469,168.6949462890625,79.77124452590942,-1,-1,-1
154,-1,185,89,53.54931640625,158.91815185546875,89.4569456577301,-1,-1,-1
154,-1,259,93,52.9476318359375,159.89666748046875,88.70547413825989,-1,-1,-1
154,-1,408,112,45.01446533203125,143.18096923828125,85.39812564849854,-1,-1,-1
154,-1,354,110,45.11773681640625,143.09634399414062,80.47621846199036,-1,-1,-1
154,-1,451,112,47.1024169921875,143.28900146484375,80.34334182739258,-1,-1,-1
154,-1,51,113,59.85249328613281,169.08111572265625,79.86911535263062,-1,-1,-1
155,-1,185,89,54.036224365234375,158.2154541015625,89.32962417602539,-1,-1,-1
155,-1,259,93,52.18109130859375,160.10150146484375,88.85405659675598,-1,-1,-1
155,-1,60,112,57.529266357421875,171.85174560546875,86.9491696357727,-1,-1,-1
155,-1,407,112,45.43035888671875,142.82412719726562,83.48636627197266,-1,-1,-1
155,-1,451,111,47.9202880859375,145.8654327392578,77.95686721801758,-1,-1,-1
155,-1,353,111,44.63555908203125,141.70513916015625,77.1694540977478,-1,-1,-1
156,-1,186,89,53.3009033203125,159.05975341796875,89.6238625049591,-1,-1,-1
156,-1,259,93,50.75048828125,160.07257080078125,88.4493887424469,-1,-1,-1
156,-1,69,111,53.25103759765625,173.83843994140625,87.03303933143616,-1,-1,-1
156,-1,405,112,46.9229736328125,142.61294555664062,84.11976099014282,-1,-1,-1
156,-1,450,112,47.26800537109375,145.8414306640625,81.47242665290833,-1,-1,-1
156,-1,350,113,46.45416259765625,141.32601928710938,79.15533185005188,-1,-1,-1
157,-1,186,89,52.961395263671875,157.94842529296875,89.55637216567993,-1,-1,-1
157,-1,259,93,50.77044677734375,159.92694091796875,88.8720452785492,-1,-1,-1
157,-1,76,111,49.76716613769531,170.90972900390625,86.81168556213379,-1,-1,-1
157,-1,407,111,46.4110107421875,144.88087463378906,84.78386402130127,-1,-1,-1
157,-1,349,112,45.09246826171875,140.87005615234375,84.07147526741028,-1,-1,-1
157,-1,450,113,46.740234375,145.32034301757812,80.67450523376465,-1,-1,-1
158,-1,185,89,53.976165771484375,158.474853515625,90.03899693489075,-1,-1,-1
158,-1,259,94,49.445068359375,157.84033203125,89.46177363395691,-1,-1,-1
158,-1,348,113,44.25689697265625,141.0518798828125,85.72259545326233,-1,-1,-1
158,-1,404,113,48.1842041015625,143.26992797851562,84.53161120414734,-1,-1,-1
158,-1,79,111,50.076316833496094,173.373046875,81.25406503677368,-1,-1,-1
158,-1,450,114,45.079345703125,144.35812377929688,81.21681213378906,-1,-1,-1
159,-1,186,90,52.58343505859375,157.13555908203125,89.68564867973328,-1,-1,-1
159,-1,259,94,49.1292724609375,157.5814208984375,88.6189341545105,-1,-1,-1
159,-1,346,112,44.85565185546875,141.83294677734375,86.88956499099731,-1,-1,-1
159,-1,83,112,53.82061767578125,170.4140625,83.52254629135132,-1,-1,-1
159,-1,402,113,49.94158935546875,144.1597900390625,83.07039737701416,-1,-1,-1
159,-1,448,113,48.21881103515625,146.0732421875,82.02371597290039,-1,-1,-1
160,-1,186,90,53.183807373046875,158.0296630859375,90.2296781539917,-1,-1,-1
160,-1,260,93,47.7646484375,159.64755249023438,87.86919713020325,-1,-1,-1
160,-1,87,113,61.252113342285156,169.41510009765625,87.34018206596375,-1,-1,-1
160,-1,344,114,43.42974853515625,140.4476318359375,87.2745156288147,-1,-1,-1
160,-1,402,113,50.11602783203125,144.8922576904297,83.1408679485321,-1,-1,-1
160,-1,447,113,49.59075927734375,146.81930541992188,80.84235191345215,-1,-1,-1
161,-1,186,89,53.4337158203125,157.71710205078125,89.51826095581055,-1,-1,-1
161,-1,259,93,47.5985107421875,159.29617309570312,87.89860606193542,-1,-1,-1
161,-1,342,114,44.192138671875,139.90106201171875,87.84124851226807,-1,-1,-1
161,-1,90,114,71.28016662597656,166.59942626953125,85.71966290473938,-1,-1,-1
161,-1,399,115,50.4549560546875,142.62158203125,84.54945087432861,-1,-1,-1
161,-1,444,113,52.5406494140625,147.76678466796875,82.00265169143677,-1,-1,-1
162,-1,186,90,52.81048583984375,157.88690185546875,89.88603949546814,-1,-1,-1
162,-1,342,114,44.7181396484375,139.53689575195312,88.28649520874023,-1,-1,-1
162,-1,260,92,46.468994140625,159.05166625976562,88.11256885528564,-1,-1,-1
162,-1,89,113,85.37945556640625,168.40679931640625,86.24534010887146,-1,-1,-1
162,-1,442,113,52.21734619140625,146.33834838867188,82.2249174118042,-1,-1,-1
162,-1,399,115,48.670166015625,142.37680053710938,81.87853693962097,-1,-1,-1
163,-1,186,90,52.93438720703125,157.44345092773438,90.04805088043213,-1,-1,-1
163,-1,339,114,46.3360595703125,139.92056274414062,88.24682235717773,-1,-1,-1
163,-1,260,93,46.365966796875,158.39141845703125,88.11541795730591,-1,-1,-1
163,-1,88,114,90.53341674804688,167.93002319335938,86.24836802482605,-1,-1,-1
163,-1,399,116,54.087646484375,142.44667053222656,83.37454199790955,-1,-1,-1
163,-1,438,112,56.12493896484375,149.6030731201172,82.96303749084473,-1,-1,-1
164,-1,187,90,52.5382080078125,157.138916015625,90.25229811668396,-1,-1,-1
164,-1,337,113,48.10113525390625,141.03662109375,88.91193270683289,-1,-1,-1
164,-1,260,92,45.72216796875,159.470703125,87.82652616500854,-1,-1,-1
164,-1,88,115,90.494384765625,166.904296875,86.59335374832153,-1,-1,-1
164,-1,398,114,54.385009765625,146.90286254882812,85.93035340309143,-1,-1,-1
164,-1,436,112,56.34130859375,147.23065185546875,76.3613224029541,-1,-1,-1
165,-1,187,90,52.628509521484375,157.67376708984375,89.55218195915222,-1,-1,-1
165,-1,260,90,46.69525146484375,159.91473388671875,87.447190284729,-1,-1,-1
165,-1,397,111,54.48052978515625,149.46084594726562,87.43804097175598,-1,-1,-1
165,-1,87,115,91.95059204101562,166.98045349121094,87.18600869178772,-1,-1,-1
165,-1,334,112,49.7491455078125,142.59439086914062,87.05554604530334,-1,-1,-1
165,-1,434,110,59.74273681640625,150.14166259765625,77.79008150100708,-1,-1,-1
166,-1,186,90,53.5057373046875,157.18991088867188,89.95187878608704,-1,-1,-1
166,-1,396,110,52.76519775390625,148.55191040039062,89.10616040229797,-1,-1,-1
166,-1,91,113,90.52059936523438,168.94732666015625,86.98394894599915,-1,-1,-1
166,-1,260,91,45.72503662109375,157.78225708007812,86.95887923240662,-1,-1,-1
166,-1,333,110,49.79266357421875,143.61248779296875,86.89753413200378,-1,-1,-1
166,-1,432,108,60.5343017578125,151.62075805664062,81.65832161903381,-1,-1,-1
167,-1,393,110,52.19281005859375,149.3253173828125,89.87075090408325,-1,-1,-1
167,-1,186,90,53.25946044921875,158.07901000976562,89.77479934692383,-1,-1,-1
167,-1,260,89,45.9697265625,159.20285034179688,87.54966259002686,-1,-1,-1
167,-1,334,110,46.930419921875,142.54388427734375,85.24454236030579,-1,-1,-1
167,-1,94,112,89.58325958251953,170.74588012695312,84.37454104423523,-1,-1,-1
167,-1,432,108,58.690185546875,151.29934692382812,81.42874240875244,-1,-1,-1
168,-1,186,90,52.766693115234375,157.99270629882812,89.49897885322571,-1,-1,-1
168,-1,260,89,45.9300537109375,159.79946899414062,87.85135746002197,-1,-1,-1
168,-1,101,112,80.19332885742188,169.78228759765625,87.76004314422607,-1,-1,-1
168,-1,388,109,52.7032470703125,151.57846069335938,87.75138258934021,-1,-1,-1
168,-1,334,109,45.656982421875,140.38656616210938,86.25218272209167,-1,-1,-1
168,-1,432,108,58.56097412109375,152.07452392578125,83.64126682281494,-1,-1,-1
169,-1,187,90,52.432220458984375,158.68551635742188,89.50726389884949,-1,-1,-1
169,-1,260,89,46.0479736328125,158.23785400390625,88.1806492805481,-1,-1,-1
169,-1,387,108,48.90545654296875,151.6475067138672,85.4762852191925,-1,-1,-1
169,-1,334,109,44.3597412109375,139.0655517578125,85.01150012016296,-1,-1,-1
169,-1,430,108,60.59954833984375,153.08346557617188,84.90980267524719,-1,-1,-1
169,-1,107,110,75.70657348632812,169.17733764648438,84.714275598526,-1,-1,-1
170,-1,187,90,52.189361572265625,157.67230224609375,89.42446112632751,-1,-1,-1
170,-1,260,88,47.27691650390625,159.65652465820312,88.47171664237976,-1,-1,-1
170,-1,116,110,66.823486328125,167.78372192382812,86.8734061717987,-1,-1,-1
170,-1,386,109,46.03802490234375,149.481201171875,85.99451184272766,-1,-1,-1
170,-1,331,111,45.21368408203125,137.99383544921875,83.95426273345947,-1,-1,-1
170,-1,428,109,60.2349853515625,153.35079956054688,82.7496886253357,-1,-1,-1
171,-1,186,90,52.8306884765625,158.92861938476562,89.55081701278687,-1,-1,-1
171,-1,259,87,46.41265869140625,162.48162841796875,88.52376937866211,-1,-1,-1
171,-1,121,110,63.473388671875,166.99871826171875,85.65343022346497,-1,-1,-1
171,-1,328,107,47.4981689453125,143.99560546875,84.95473265647888,-1,-1,-1
171,-1,385,110,44.66162109375,149.09124755859375,83.36598873138428,-1,-1,-1
171,-1,425,110,58.18280029296875,152.45977783203125,78.75329852104187,-1,-1,-1
172,-1,187,89,52.182098388671875,156.07574462890625,89.29791450500488,-1,-1,-1
172,-1,259,87,46.16741943359375,162.79220581054688,88.60858678817749,-1,-1,-1
172,-1,384,110,45.9713134765625,149.6425018310547,84.8507285118103,-1,-1,-1
172,-1,328,110,46.17962646484375,139.6317138671875,82.76994228363037,-1,-1,-1
172,-1,425,110,56.430908203125,151.79530334472656,79.70921397209167,-1,-1,-1
172,-1,135,110,52.135345458984375,166.8499755859375,79.31222915649414,-1,-1,-1
173,-1,187,89,51.80731201171875,159.623291015625,88.89724016189575,-1,-1,-1
173,-1,259,88,45.25860595703125,161.655517578125,87.99529075622559,-1,-1,-1
173,-1,384,109,44.9453125,149.05894470214844,85.10292172431946,-1,-1,-1
173,-1,328,110,45.441162109375,140.7242431640625,82.74676203727722,-1,-1,-1
173,-1,424,111,56.65802001953125,150.5357666015625,78.04590463638306,-1,-1,-1
173,-1,140,105,47.1983642578125,171.45379638671875,71.89671993255615,-1,-1,-1
174,-1,258,87,46.49713134765625,162.88320922851562,88.96638751029968,-1,-1,-1
174,-1,187,89,51.551727294921875,159.80029296875,88.22605609893799,-1,-1,-1
174,-1,384,111,43.3116455078125,148.5680694580078,85.18947958946228,-1,-1,-1
174,-1,326,109,45.2767333984375,141.8974609375,83.73279571533203,-1,-1,-1
174,-1,424,110,54.8258056640625,152.57864379882812,82.57431387901306,-1,-1,-1
174,-1,146,106,44.94207763671875,170.29803466796875,76.46117210388184,-1,-1,-1
175,-1,258,86,46.71685791015625,164.06936645507812,88.75690698623657,-1,-1,-1
175,-1,189,89,50.350799560546875,158.468505859375,87.18791007995605,-1,-1,-1
175,-1,149,108,48.24871826171875,168.542236328125,86.98652386665344,-1,-1,-1
175,-1,382,112,45.0413818359375,147.30072021484375,85.14038324356079,-1,-1,-1
175,-1,425,111,56.66058349609375,151.67044067382812,84.30812358856201,-1,-1,-1
175,-1,325,109,45.6058349609375,140.98519897460938,83.79365801811218,-1,-1,-1
176,-1,258,87,45.5137939453125,162.91259765625,88.77039551734924,-1,-1,-1
176,-1,149,110,50.355255126953125,166.4541015625,87.49291896820068,-1,-1,-1
176,-1,320,108,50.434326171875,141.95028686523438,86.92046403884888,-1,-1,-1
176,-1,189,89,50.45306396484375,158.8433837890625,86.16023063659668,-1,-1,-1
176,-1,381,113,45.09881591796875,146.80520629882812,86.14054322242737,-1,-1,-1
176,-1,424,110,54.34228515625,152.43115234375,83.5849940776825,-1,-1,-1
177,-1,259,88,43.7799072265625,162.30966186523438,87.87041306495667,-1,-1,-1
177,-1,317,107,53.044921875,141.04083251953125,87.49197721481323,-1,-1,-1
177,-1,151,109,57.2161865234375,167.04702758789062,87.32237219810486,-1,-1,-1
177,-1,380,114,46.5452880859375,147.7170867919922,85.48192977905273,-1,-1,-1
177,-1,423,109,54.066650390625,154.13226318359375,85.3190004825592,-1,-1,-1
177,-1,192,90,47.713043212890625,156.0235595703125,84.67842936515808,-1,-1,-1
178,-1,151,111,61.995849609375,164.3066864013672,89.36550617218018,-1,-1,-1
178,-1,315,109,53.212890625,138.3316650390625,87.63574957847595,-1,-1,-1
178,-1,258,88,44.0855712890625,160.420654296875,87.4189019203186,-1,-1,-1
178,-1,421,111,53.60943603515625,155.439453125,85.23570895195007,-1,-1,-1
178,-1,375,113,49.914306640625,149.107666015625,84.74094271659851,-1,-1,-1
178,-1,195,90,44.518585205078125,158.67807006835938,84.38130021095276,-1,-1,-1
179,-1,148,112,70.70913696289062,162.3966064453125,89.24175500869751,-1,-1,-1
179,-1,316,108,51.3846435546875,139.18893432617188,87.6333475112915,-1,-1,-1
179,-1,258,89,44.4464111328125,159.0093994140625,87.49147057533264,-1,-1,-1
179,-1,373,113,49.06500244140625,149.02572631835938,85.80750226974487,-1,-1,-1
179,-1,421,110,51.94366455078125,155.85684204101562,83.71710181236267,-1,-1,-1
179,-1,198,91,40.841156005859375,157.31561279296875,82.2784423828125,-1,-1,-1
